"TOA5","CR6Series","CR6","10158","CR6.Std.09.02 CR6-WIFI.04.00.01","CPU:McGill_University_Program_Version33 May 5 2020 EB.CR6","3732","TPS_3100_Data"
"TIMESTAMP","RECORD","RX","TPS_Wind_Spd_ms_Max","TPS_Baro_Press_mbar_Corrected","TPS_Time_Sec","TPS_Precip_Rate_1minAvg_mmHr","TPS_Total_Accum_mm","TPS_Pwr_Sensor_W","TPS_Pwr_Ref_W","TPS_Amb_Temp_C","TPS_Enc_Temp_C","TPS_Wind_Spd_ms","TPS_Coll_Eff","TPS_Pwr_Offset_W","TPS_Pwr_OffsetRad_W","TPS_Raw_Precip_Rate_1minAvg_mmHr","TPS_Raw_Precip_Rate_5minAvg_mmHr","TPS_Solar_Rad_Wm2","TPS_Net_Rad_Wm2","TPS_Baro_Press_mbar","TPS_Air_Temp_C","TPS_RH_perc"
"TS","RN","","","mbar","","","","","","","","","","","","","","","","","",""
"","","Smp","Max","Smp","Smp","Smp","Smp","Smp","Smp","Smp","Smp","Smp","Smp","Smp","Smp","Smp","Smp","Smp","Smp","Smp","Smp","Smp"
"2020-05-05 23:52:00",253," 1588724190,00.00,00000.97,020.3,017.3,009.4,018.8,00.3,1.000,000.5,000.0,00.30,-0.20,0008,-036,0998.2,010.4,47.9  ",0.3,1014,1.588724E+09,0,0.97,20.3,17.3,9.4,18.8,0.3,1,0.5,0,0.3,-0.2,8,-36,998.2,10.4,47.9
"2020-05-05 23:53:00",254," 1588724250,00.00,00000.97,017.6,017.6,009.4,018.8,00.3,1.000,000.5,000.0,-0.06,-0.12,0008,-035,0998.2,010.4,49.7  ",0.3,1014,1.588724E+09,0,0.97,17.6,17.6,9.4,18.8,0.3,1,0.5,0,-0.06,-0.12,8,-35,998.2,10.4,49.7
"2020-05-05 23:54:00",255," 1588724310,00.00,00000.97,017.5,018.5,009.4,018.8,00.4,1.000,000.5,000.0,-0.19,-0.18,0007,-035,0998.2,010.4,50.7  ",0.4,1014,1.588724E+09,0,0.97,17.5,18.5,9.4,18.8,0.4,1,0.5,0,-0.19,-0.18,7,-35,998.2,10.4,50.7
"2020-05-05 23:55:00",256," 1588724370,00.00,00000.97,023.3,022.7,009.3,018.8,00.5,1.000,000.6,000.0,00.01,-0.17,0007,-036,0998.2,010.5,47.7  ",0.5,1014,1.588724E+09,0,0.97,23.3,22.7,9.3,18.8,0.5,1,0.6,0,0.01,-0.17,7,-36,998.2,10.5,47.7
"2020-05-05 23:56:00",257," 1588724430,00.00,00000.97,019.4,017.3,009.3,018.8,00.3,1.000,000.5,000.0,00.19,-0.14,0006,-035,0998.2,010.4,48.9  ",0.3,1014,1.588724E+09,0,0.97,19.4,17.3,9.3,18.8,0.3,1,0.5,0,0.19,-0.14,6,-35,998.2,10.4,48.9
"2020-05-05 23:57:00",258," 1588724490,00.00,00000.97,024.1,021.2,009.3,018.7,00.5,1.000,000.5,000.0,00.27,-0.13,0006,-035,0998.2,010.3,48.4  ",0.5,1014,1.588724E+09,0,0.97,24.1,21.2,9.3,18.7,0.5,1,0.5,0,0.27,-0.13,6,-35,998.2,10.3,48.4
"2020-05-05 23:58:00",259," 1588724550,00.00,00000.97,015.9,011.3,009.2,018.7,00.1,1.000,000.4,000.0,00.51,-0.08,0006,-035,0998.3,010.5,48.2  ",0.1,1014,1.588725E+09,0,0.97,15.9,11.3,9.2,18.7,0.1,1,0.4,0,0.51,-0.08,6,-35,998.3,10.5,48.2
"2020-05-05 23:59:00",260," 1588724610,00.00,00000.97,014.8,012.7,009.2,018.7,00.1,1.000,000.5,000.0,00.20,00.01,0005,-034,0998.3,010.2,48.4  ",0.1,1014,1.588725E+09,0,0.97,14.8,12.7,9.2,18.7,0.1,1,0.5,0,0.2,0.01,5,-34,998.3,10.2,48.4
"2020-05-06 00:00:00",261," 1588724670,00.00,00000.97,016.0,013.7,009.2,018.7,00.2,1.000,000.5,000.0,00.21,00.07,0005,-034,0998.4,010.2,49.3  ",0.2,1014,1.588725E+09,0,0.97,16,13.7,9.2,18.7,0.2,1,0.5,0,0.21,0.07,5,-34,998.4,10.2,49.3
"2020-05-06 00:01:00",262," 1588724730,00.00,00000.00,017.3,014.4,009.2,018.7,00.2,1.000,000.5,000.0,00.29,00.09,0005,-035,0998.3,010.1,49.0  ",0.2,1014,1.588725E+09,0,0,17.3,14.4,9.2,18.7,0.2,1,0.5,0,0.29,0.09,5,-35,998.3,10.1,49
"2020-05-06 00:02:00",263," 1588724790,00.00,00000.00,016.2,014.4,009.2,018.7,00.2,1.000,000.5,000.0,00.16,00.12,0005,-034,0998.3,010.1,49.1  ",0.2,1014,1.588725E+09,0,0,16.2,14.4,9.2,18.7,0.2,1,0.5,0,0.16,0.12,5,-34,998.3,10.1,49.1
"2020-05-06 00:03:00",264," 1588724850,00.00,00000.00,018.8,017.3,009.2,018.7,00.3,1.000,000.5,000.0,00.11,00.03,0005,-035,0998.2,010.2,48.3  ",0.3,1014,1.588725E+09,0,0,18.8,17.3,9.2,18.7,0.3,1,0.5,0,0.11,0.03,5,-35,998.2,10.2,48.3
"2020-05-06 00:04:00",265," 1588724910,00.00,00000.00,020.0,020.3,009.2,018.7,00.4,1.000,000.5,000.0,-0.11,-0.03,0004,-035,0998.3,010.3,49.0  ",0.4,1014,1.588725E+09,0,0,20,20.3,9.2,18.7,0.4,1,0.5,0,-0.11,-0.03,4,-35,998.3,10.3,49
"2020-05-06 00:05:00",266," 1588724970,00.00,00000.00,028.9,029.1,009.2,018.7,00.9,1.000,000.6,000.1,-0.10,-0.08,0004,-036,0998.3,010.2,47.9  ",0.9,1014,1.588725E+09,0,0,28.9,29.1,9.2,18.7,0.9,1,0.6,0.1,-0.1,-0.08,4,-36,998.3,10.2,47.9
"2020-05-06 00:06:00",267," 1588725030,00.00,00000.00,024.2,023.7,009.2,018.6,00.6,1.000,000.6,000.1,-0.02,-0.13,0004,-035,0998.2,010.2,48.0  ",0.6,1014,1.588725E+09,0,0,24.2,23.7,9.2,18.6,0.6,1,0.6,0.1,-0.02,-0.13,4,-35,998.2,10.2,48
"2020-05-06 00:07:00",268," 1588725090,00.00,00000.00,019.0,017.7,009.2,018.6,00.3,1.000,000.5,000.1,00.09,-0.20,0004,-035,0998.3,010.1,50.2  ",0.3,1014,1.588725E+09,0,0,19,17.7,9.2,18.6,0.3,1,0.5,0.1,0.09,-0.2,4,-35,998.3,10.1,50.2
"2020-05-06 00:08:00",269," 1588725150,00.00,00000.00,015.8,016.1,009.2,018.6,00.3,1.000,000.5,000.0,-0.10,-0.21,0004,-035,0998.3,010.3,51.0  ",0.3,1014,1.588725E+09,0,0,15.8,16.1,9.2,18.6,0.3,1,0.5,0,-0.1,-0.21,4,-35,998.3,10.3,51
"2020-05-06 00:09:00",270," 1588725210,00.00,00000.00,018.8,019.0,009.2,018.6,00.4,1.000,000.5,000.1,-0.09,-0.23,0004,-035,0998.3,010.3,49.7  ",0.4,1014,1.588725E+09,0,0,18.8,19,9.2,18.6,0.4,1,0.5,0.1,-0.09,-0.23,4,-35,998.3,10.3,49.7
"2020-05-06 00:10:00",271," 1588725271,00.00,00000.00,015.7,015.1,009.2,018.6,00.2,1.000,000.5,000.1,00.01,-0.22,0004,-035,0998.3,010.2,49.7  ",0.2,1014,1.588725E+09,0,0,15.7,15.1,9.2,18.6,0.2,1,0.5,0.1,0.01,-0.22,4,-35,998.3,10.2,49.7
"2020-05-06 00:11:00",272," 1588725330,00.00,00000.00,014.3,012.9,009.1,018.6,00.1,1.000,000.5,000.1,00.12,-0.21,0004,-035,0998.4,009.9,50.3  ",0.1,1014,1.588725E+09,0,0,14.3,12.9,9.1,18.6,0.1,1,0.5,0.1,0.12,-0.21,4,-35,998.4,9.9,50.3
"2020-05-06 00:12:00",273," 1588725390,00.00,00000.00,013.9,012.4,009.1,018.6,00.1,1.000,000.4,000.1,00.13,-0.17,0004,-035,0998.3,009.8,51.7  ",0.1,1014,1.588725E+09,0,0,13.9,12.4,9.1,18.6,0.1,1,0.4,0.1,0.13,-0.17,4,-35,998.3,9.8,51.7
"2020-05-06 00:13:00",274," 1588725450,00.00,00000.00,015.8,012.9,009.0,018.6,00.1,1.000,000.5,000.1,00.29,-0.14,0003,-035,0998.3,009.8,50.6  ",0.1,1014,1.588726E+09,0,0,15.8,12.9,9,18.6,0.1,1,0.5,0.1,0.29,-0.14,3,-35,998.3,9.8,50.6
"2020-05-06 00:14:00",275," 1588725510,00.00,00000.00,014.4,013.6,009.0,018.6,00.2,1.000,000.5,000.1,00.04,-0.08,0003,-035,0998.4,009.9,52.1  ",0.2,1014,1.588726E+09,0,0,14.4,13.6,9,18.6,0.2,1,0.5,0.1,0.04,-0.08,3,-35,998.4,9.9,52.1
"2020-05-06 00:15:00",276," 1588725570,00.00,00000.00,016.0,012.8,009.0,018.6,00.1,1.000,000.5,000.1,00.33,-0.05,0003,-035,0998.3,009.9,49.8  ",0.1,1014,1.588726E+09,0,0,16,12.8,9,18.6,0.1,1,0.5,0.1,0.33,-0.05,3,-35,998.3,9.9,49.8
"2020-05-06 00:16:00",277," 1588725630,00.00,00000.00,016.0,013.9,008.9,018.6,00.2,1.000,000.5,000.1,00.19,00.01,0002,-036,0998.3,009.9,51.7  ",0.2,1014,1.588726E+09,0,0,16,13.9,8.9,18.6,0.2,1,0.5,0.1,0.19,0.01,2,-36,998.3,9.9,51.7
"2020-05-06 00:17:00",278," 1588725690,00.00,00000.00,015.1,012.4,008.9,018.6,00.1,1.000,000.5,000.1,00.27,00.02,0003,-036,0998.3,010.0,51.8  ",0.1,1014,1.588726E+09,0,0,15.1,12.4,8.9,18.6,0.1,1,0.5,0.1,0.27,0.02,3,-36,998.3,10,51.8
"2020-05-06 00:18:00",279," 1588725750,00.00,00000.00,014.4,013.9,009.0,018.6,00.2,1.000,000.5,000.1,00.00,00.02,0003,-036,0998.3,010.1,51.3  ",0.2,1014,1.588726E+09,0,0,14.4,13.9,9,18.6,0.2,1,0.5,0.1,0,0.02,3,-36,998.3,10.1,51.3
"2020-05-06 00:19:00",280," 1588725810,00.00,00000.00,015.2,014.4,009.0,018.6,00.2,1.000,000.5,000.1,00.03,-0.04,0003,-036,0998.3,010.0,51.1  ",0.2,1014,1.588726E+09,0,0,15.2,14.4,9,18.6,0.2,1,0.5,0.1,0.03,-0.04,3,-36,998.3,10,51.1
"2020-05-06 00:20:00",281," 1588725870,00.00,00000.00,020.9,018.4,008.9,018.6,00.3,1.000,000.5,000.1,00.24,-0.02,0003,-035,0998.4,009.9,49.9  ",0.3,1014,1.588726E+09,0,0,20.9,18.4,8.9,18.6,0.3,1,0.5,0.1,0.24,-0.02,3,-35,998.4,9.9,49.9
"2020-05-06 00:21:00",282," 1588725930,00.00,00000.00,016.7,014.9,008.9,018.5,00.2,1.000,000.5,000.1,00.16,-0.05,0004,-035,0998.4,009.9,52.6  ",0.2,1014,1.588726E+09,0,0,16.7,14.9,8.9,18.5,0.2,1,0.5,0.1,0.16,-0.05,4,-35,998.4,9.9,52.6
"2020-05-06 00:22:00",283," 1588725990,00.00,00000.00,014.6,013.5,008.9,018.5,00.2,1.000,000.5,000.1,00.07,-0.08,0003,-035,0998.4,009.8,53.8  ",0.2,1014,1.588726E+09,0,0,14.6,13.5,8.9,18.5,0.2,1,0.5,0.1,0.07,-0.08,3,-35,998.4,9.8,53.8
"2020-05-06 00:23:00",284," 1588726050,00.00,00000.00,020.3,018.7,008.9,018.5,00.4,1.000,000.5,000.1,00.13,-0.08,0003,-035,0998.3,010.1,50.3  ",0.4,1014,1.588726E+09,0,0,20.3,18.7,8.9,18.5,0.4,1,0.5,0.1,0.13,-0.08,3,-35,998.3,10.1,50.3
"2020-05-06 00:24:00",285," 1588726110,00.00,00000.00,020.7,018.4,008.9,018.5,00.3,1.000,000.5,000.1,00.22,-0.04,0003,-035,0998.3,010.1,49.1  ",0.3,1014,1.588726E+09,0,0,20.7,18.4,8.9,18.5,0.3,1,0.5,0.1,0.22,-0.04,3,-35,998.3,10.1,49.1
"2020-05-06 00:25:00",286," 1588726170,00.00,00000.00,019.2,016.9,008.9,018.5,00.3,1.000,000.5,000.1,00.20,-0.03,0003,-035,0998.4,009.9,49.2  ",0.3,1014,1.588726E+09,0,0,19.2,16.9,8.9,18.5,0.3,1,0.5,0.1,0.2,-0.03,3,-35,998.4,9.9,49.2
"2020-05-06 00:26:00",287," 1588726230,00.00,00000.00,021.2,018.9,008.9,018.5,00.4,1.000,000.5,000.1,00.21,-0.04,0003,-034,0998.5,009.9,49.4  ",0.4,1014,1.588726E+09,0,0,21.2,18.9,8.9,18.5,0.4,1,0.5,0.1,0.21,-0.04,3,-34,998.5,9.9,49.4
"2020-05-06 00:27:00",288," 1588726290,00.00,00000.00,017.5,016.9,008.9,018.5,00.3,1.000,000.5,000.1,00.01,-0.01,0003,-034,0998.4,009.8,52.1  ",0.3,1014,1.588726E+09,0,0,17.5,16.9,8.9,18.5,0.3,1,0.5,0.1,0.01,-0.01,3,-34,998.4,9.8,52.1
"2020-05-06 00:28:00",289," 1588726350,00.00,00000.00,021.4,020.7,008.9,018.4,00.4,1.000,000.5,000.1,00.01,-0.04,0003,-034,0998.4,010.0,51.9  ",0.4,1014,1.588726E+09,0,0,21.4,20.7,8.9,18.4,0.4,1,0.5,0.1,0.01,-0.04,3,-34,998.4,10,51.9
"2020-05-06 00:29:00",290," 1588726410,00.00,00000.00,017.2,015.6,008.9,018.4,00.2,1.000,000.5,000.1,00.13,-0.06,0003,-034,0998.5,009.8,51.1  ",0.2,1014,1.588726E+09,0,0,17.2,15.6,8.9,18.4,0.2,1,0.5,0.1,0.13,-0.06,3,-34,998.5,9.8,51.1
"2020-05-06 00:30:00",291," 1588726470,00.00,00000.00,014.2,012.3,008.8,018.4,00.1,1.000,000.4,000.1,00.17,-0.08,0003,-034,0998.5,009.6,51.0  ",0.1,1014,1.588727E+09,0,0,14.2,12.3,8.8,18.4,0.1,1,0.4,0.1,0.17,-0.08,3,-34,998.5,9.6,51
"2020-05-06 00:31:00",292," 1588726530,00.00,00000.00,014.3,012.4,008.8,018.4,00.1,1.000,000.4,000.1,00.16,-0.08,0003,-034,0998.5,009.7,52.1  ",0.1,1014,1.588727E+09,0,0,14.3,12.4,8.8,18.4,0.1,1,0.4,0.1,0.16,-0.08,3,-34,998.5,9.7,52.1
"2020-05-06 00:32:00",293," 1588726590,00.00,00000.00,014.5,013.4,008.7,018.4,00.2,1.000,000.5,000.1,00.06,-0.10,0003,-034,0998.4,009.5,51.4  ",0.2,1014,1.588727E+09,0,0,14.5,13.4,8.7,18.4,0.2,1,0.5,0.1,0.06,-0.1,3,-34,998.4,9.5,51.4
"2020-05-06 00:33:00",294," 1588726650,00.00,00000.00,015.2,013.3,008.7,018.4,00.1,1.000,000.5,000.1,00.17,-0.06,0003,-034,0998.5,009.5,51.5  ",0.1,1014,1.588727E+09,0,0,15.2,13.3,8.7,18.4,0.1,1,0.5,0.1,0.17,-0.06,3,-34,998.5,9.5,51.5
"2020-05-06 00:34:00",295," 1588726710,00.00,00000.00,014.2,013.0,008.7,018.4,00.1,1.000,000.5,000.0,00.09,-0.06,0004,-034,0998.6,009.4,51.9  ",0.1,1014,1.588727E+09,0,0,14.2,13,8.7,18.4,0.1,1,0.5,0,0.09,-0.06,4,-34,998.6,9.4,51.9
"2020-05-06 00:35:00",296," 1588726770,00.00,00000.00,015.8,013.6,008.7,018.4,00.2,1.000,000.5,000.1,00.20,-0.06,0003,-033,0998.5,009.6,51.1  ",0.2,1014,1.588727E+09,0,0,15.8,13.6,8.7,18.4,0.2,1,0.5,0.1,0.2,-0.06,3,-33,998.5,9.6,51.1
"2020-05-06 00:36:00",297," 1588726830,00.00,00000.00,014.9,013.4,008.7,018.4,00.2,1.000,000.5,000.1,00.12,-0.04,0003,-033,0998.5,009.7,52.8  ",0.2,1014,1.588727E+09,0,0,14.9,13.4,8.7,18.4,0.2,1,0.5,0.1,0.12,-0.04,3,-33,998.5,9.7,52.8
"2020-05-06 00:37:00",298," 1588726890,00.00,00000.00,020.3,019.4,008.7,018.4,00.4,1.000,000.5,000.1,00.04,-0.06,0003,-033,0998.5,009.9,53.3  ",0.4,1014,1.588727E+09,0,0,20.3,19.4,8.7,18.4,0.4,1,0.5,0.1,0.04,-0.06,3,-33,998.5,9.9,53.3
"2020-05-06 00:38:00",299," 1588726950,00.00,00000.00,019.1,017.8,008.7,018.3,00.3,1.000,000.5,000.1,00.09,-0.08,0003,-033,0998.6,009.8,52.9  ",0.3,1014,1.588727E+09,0,0,19.1,17.8,8.7,18.3,0.3,1,0.5,0.1,0.09,-0.08,3,-33,998.6,9.8,52.9
"2020-05-06 00:39:00",300," 1588727010,00.00,00000.00,024.3,021.7,008.7,018.3,00.5,1.000,000.5,000.0,00.24,-0.06,0003,-033,0998.5,009.8,51.0  ",0.5,1014,1.588727E+09,0,0,24.3,21.7,8.7,18.3,0.5,1,0.5,0,0.24,-0.06,3,-33,998.5,9.8,51
"2020-05-06 00:40:00",301," 1588727070,00.00,00000.00,019.3,017.7,008.7,018.3,00.3,1.000,000.5,000.1,00.13,-0.06,0003,-033,0998.5,009.5,52.0  ",0.3,1014,1.588727E+09,0,0,19.3,17.7,8.7,18.3,0.3,1,0.5,0.1,0.13,-0.06,3,-33,998.5,9.5,52
"2020-05-06 00:41:00",302," 1588727130,00.00,00000.00,015.6,013.6,008.7,018.3,00.2,1.000,000.5,000.1,00.18,-0.05,0003,-032,0998.6,009.4,53.1  ",0.2,1014,1.588727E+09,0,0,15.6,13.6,8.7,18.3,0.2,1,0.5,0.1,0.18,-0.05,3,-32,998.6,9.4,53.1
"2020-05-06 00:42:00",303," 1588727190,00.00,00000.00,013.7,013.2,008.7,018.3,00.1,1.000,000.5,000.0,00.00,-0.07,0003,-032,0998.5,009.3,53.7  ",0.1,1014,1.588727E+09,0,0,13.7,13.2,8.7,18.3,0.1,1,0.5,0,0,-0.07,3,-32,998.5,9.3,53.7
"2020-05-06 00:43:00",304," 1588727250,00.00,00000.00,015.4,012.7,008.6,018.3,00.1,1.000,000.5,000.0,00.28,-0.04,0003,-032,0998.5,009.5,52.5  ",0.1,1014,1.588727E+09,0,0,15.4,12.7,8.6,18.3,0.1,1,0.5,0,0.28,-0.04,3,-32,998.5,9.5,52.5
"2020-05-06 00:44:00",305," 1588727311,00.00,00000.00,015.5,013.8,008.6,018.3,00.2,1.000,000.5,000.1,00.15,-0.04,0003,-032,0998.6,009.3,52.2  ",0.2,1014,1.588727E+09,0,0,15.5,13.8,8.6,18.3,0.2,1,0.5,0.1,0.15,-0.04,3,-32,998.6,9.3,52.2
"2020-05-06 00:45:00",306," 1588727370,00.00,00000.00,022.0,017.9,008.6,018.3,00.3,1.000,000.5,000.0,00.43,-0.01,0003,-032,0998.6,009.5,50.9  ",0.3,1014,1.588727E+09,0,0,22,17.9,8.6,18.3,0.3,1,0.5,0,0.43,-0.01,3,-32,998.6,9.5,50.9
"2020-05-06 00:46:00",307," 1588727430,00.00,00000.00,019.3,017.2,008.6,018.2,00.3,1.000,000.5,000.0,00.19,00.01,0003,-032,0998.6,009.4,53.1  ",0.3,1014,1.588727E+09,0,0,19.3,17.2,8.6,18.2,0.3,1,0.5,0,0.19,0.01,3,-32,998.6,9.4,53.1
"2020-05-06 00:47:00",308," 1588727490,00.00,00000.00,019.1,018.1,008.6,018.2,00.3,1.000,000.5,000.0,00.05,00.04,0003,-032,0998.6,009.3,53.2  ",0.3,1014,1.588728E+09,0,0,19.1,18.1,8.6,18.2,0.3,1,0.5,0,0.05,0.04,3,-32,998.6,9.3,53.2
"2020-05-06 00:48:00",309," 1588727550,00.00,00000.00,019.6,017.5,008.6,018.2,00.3,1.000,000.5,000.1,00.19,00.02,0003,-032,0998.6,009.6,51.6  ",0.3,1014,1.588728E+09,0,0,19.6,17.5,8.6,18.2,0.3,1,0.5,0.1,0.19,0.02,3,-32,998.6,9.6,51.6
"2020-05-06 00:49:00",310," 1588727611,00.00,00000.00,015.5,014.0,008.6,018.2,00.2,1.000,000.5,000.0,00.11,00.02,0004,-032,0998.6,009.3,55.7  ",0.2,1014,1.588728E+09,0,0,15.5,14,8.6,18.2,0.2,1,0.5,0,0.11,0.02,4,-32,998.6,9.3,55.7
"2020-05-06 00:50:00",311," 1588727670,00.00,00000.00,016.6,015.3,008.6,018.2,00.2,1.000,000.5,000.0,00.10,-0.02,0003,-032,0998.5,009.2,54.9  ",0.2,1014,1.588728E+09,0,0,16.6,15.3,8.6,18.2,0.2,1,0.5,0,0.1,-0.02,3,-32,998.5,9.2,54.9
"2020-05-06 00:51:00",312," 1588727730,00.00,00000.00,016.0,014.3,008.5,018.2,00.2,1.000,000.5,000.0,00.15,-0.07,0003,-032,0998.6,009.2,55.9  ",0.2,1014,1.588728E+09,0,0,16,14.3,8.5,18.2,0.2,1,0.5,0,0.15,-0.07,3,-32,998.6,9.2,55.9
"2020-05-06 00:52:00",313," 1588727790,00.00,00000.00,015.9,013.8,008.5,018.2,00.2,1.000,000.5,000.1,00.20,-0.06,0003,-032,0998.6,009.2,55.4  ",0.2,1014,1.588728E+09,0,0,15.9,13.8,8.5,18.2,0.2,1,0.5,0.1,0.2,-0.06,3,-32,998.6,9.2,55.4
"2020-05-06 00:53:00",314," 1588727850,00.00,00000.00,015.2,013.9,008.5,018.2,00.2,1.000,000.5,000.0,00.10,-0.05,0003,-032,0998.6,009.2,56.7  ",0.2,1014,1.588728E+09,0,0,15.2,13.9,8.5,18.2,0.2,1,0.5,0,0.1,-0.05,3,-32,998.6,9.2,56.7
"2020-05-06 00:54:00",315," 1588727911,00.00,00000.00,014.1,012.5,008.4,018.2,00.1,1.000,000.5,000.0,00.14,-0.05,0003,-032,0998.6,009.2,55.2  ",0.1,1014,1.588728E+09,0,0,14.1,12.5,8.4,18.2,0.1,1,0.5,0,0.14,-0.05,3,-32,998.6,9.2,55.2
"2020-05-06 00:55:00",316," 1588727970,00.00,00000.00,017.7,015.6,008.5,018.2,00.2,1.000,000.5,000.1,00.19,-0.03,0003,-032,0998.5,009.3,51.6  ",0.2,1014,1.588728E+09,0,0,17.7,15.6,8.5,18.2,0.2,1,0.5,0.1,0.19,-0.03,3,-32,998.5,9.3,51.6
"2020-05-06 00:56:00",317," 1588728030,00.00,00000.00,017.6,016.5,008.5,018.1,00.3,1.000,000.5,000.0,00.06,-0.04,0003,-033,0998.6,009.1,56.3  ",0.3,1014,1.588728E+09,0,0,17.6,16.5,8.5,18.1,0.3,1,0.5,0,0.06,-0.04,3,-33,998.6,9.1,56.3
"2020-05-06 00:57:00",318," 1588728090,00.00,00000.00,018.5,016.2,008.5,018.1,00.3,1.000,000.5,000.1,00.22,-0.03,0003,-032,0998.6,009.3,55.0  ",0.3,1014,1.588728E+09,0,0,18.5,16.2,8.5,18.1,0.3,1,0.5,0.1,0.22,-0.03,3,-32,998.6,9.3,55
"2020-05-06 00:58:00",319," 1588728150,00.00,00000.00,017.3,016.1,008.5,018.1,00.2,1.000,000.5,000.1,00.08,-0.05,0003,-033,0998.6,009.1,56.6  ",0.2,1014,1.588728E+09,0,0,17.3,16.1,8.5,18.1,0.2,1,0.5,0.1,0.08,-0.05,3,-33,998.6,9.1,56.6
"2020-05-06 00:59:00",320," 1588728211,00.00,00000.00,015.9,013.6,008.5,018.1,00.2,1.000,000.5,000.0,00.21,-0.05,0004,-032,0998.6,009.3,55.1  ",0.2,1014,1.588728E+09,0,0,15.9,13.6,8.5,18.1,0.2,1,0.5,0,0.21,-0.05,4,-32,998.6,9.3,55.1
"2020-05-06 01:00:00",321," 1588728270,00.00,00000.00,017.7,016.8,008.5,018.1,00.3,1.000,000.5,000.0,00.05,-0.06,0003,-032,0998.6,009.2,53.4  ",0.3,1014,1.588728E+09,0,0,17.7,16.8,8.5,18.1,0.3,1,0.5,0,0.05,-0.06,3,-32,998.6,9.2,53.4
"2020-05-06 01:01:00",322," 1588728330,00.00,00000.00,015.3,013.9,008.5,018.1,00.2,1.000,000.5,000.1,00.11,-0.06,0003,-032,0998.6,009.2,55.9  ",0.2,1014,1.588728E+09,0,0,15.3,13.9,8.5,18.1,0.2,1,0.5,0.1,0.11,-0.06,3,-32,998.6,9.2,55.9
"2020-05-06 01:02:00",323," 1588728390,00.00,00000.00,016.1,013.2,008.5,018.1,00.1,1.000,000.5,000.0,00.29,-0.07,0003,-032,0998.7,009.2,56.4  ",0.1,1014,1.588728E+09,0,0,16.1,13.2,8.5,18.1,0.1,1,0.5,0,0.29,-0.07,3,-32,998.7,9.2,56.4
"2020-05-06 01:03:00",324," 1588728450,00.00,00000.00,018.1,017.4,008.4,018.1,00.3,1.000,000.5,000.0,00.02,-0.04,0003,-032,0998.5,009.0,56.1  ",0.3,1014,1.588728E+09,0,0,18.1,17.4,8.4,18.1,0.3,1,0.5,0,0.02,-0.04,3,-32,998.5,9,56.1
"2020-05-06 01:04:00",325," 1588728511,00.00,00000.00,017.6,016.0,008.4,018.1,00.2,1.000,000.5,000.0,00.13,-0.06,0003,-032,0998.5,009.0,57.6  ",0.2,1014,1.588728E+09,0,0,17.6,16,8.4,18.1,0.2,1,0.5,0,0.13,-0.06,3,-32,998.5,9,57.6
"2020-05-06 01:05:00",326," 1588728571,00.00,00000.00,016.9,015.5,008.4,018.1,00.2,1.000,000.5,000.0,00.10,-0.06,0003,-032,0998.7,009.0,56.7  ",0.2,1014,1.588729E+09,0,0,16.9,15.5,8.4,18.1,0.2,1,0.5,0,0.1,-0.06,3,-32,998.7,9,56.7
"2020-05-06 01:06:00",327," 1588728630,00.00,00000.00,016.9,015.9,008.4,018.0,00.2,1.000,000.5,000.0,00.05,-0.07,0003,-032,0998.5,009.0,56.9  ",0.2,1014,1.588729E+09,0,0,16.9,15.9,8.4,18,0.2,1,0.5,0,0.05,-0.07,3,-32,998.5,9,56.9
"2020-05-06 01:07:00",328," 1588728690,00.00,00000.00,016.6,015.1,008.4,018.0,00.2,1.000,000.5,000.0,00.11,-0.08,0003,-032,0998.6,008.9,57.4  ",0.2,1014,1.588729E+09,0,0,16.6,15.1,8.4,18,0.2,1,0.5,0,0.11,-0.08,3,-32,998.6,8.9,57.4
"2020-05-06 01:08:00",329," 1588728750,00.00,00000.00,018.0,016.6,008.3,018.0,00.3,1.000,000.5,000.0,00.10,-0.10,0003,-032,0998.6,009.0,56.8  ",0.3,1014,1.588729E+09,0,0,18,16.6,8.3,18,0.3,1,0.5,0,0.1,-0.1,3,-32,998.6,9,56.8
"2020-05-06 01:09:00",330," 1588728811,00.00,00000.00,016.2,014.4,008.3,018.0,00.2,1.000,000.5,000.0,00.16,-0.08,0003,-032,0998.6,008.9,58.1  ",0.2,1014,1.588729E+09,0,0,16.2,14.4,8.3,18,0.2,1,0.5,0,0.16,-0.08,3,-32,998.6,8.9,58.1
"2020-05-06 01:10:00",331," 1588728871,00.00,00000.00,016.5,015.2,008.3,018.0,00.2,1.000,000.5,000.0,00.09,-0.09,0003,-031,0998.5,008.9,56.1  ",0.2,1014,1.588729E+09,0,0,16.5,15.2,8.3,18,0.2,1,0.5,0,0.09,-0.09,3,-31,998.5,8.9,56.1
"2020-05-06 01:11:00",332," 1588728930,00.00,00000.00,015.3,013.4,008.3,018.0,00.1,1.000,000.5,000.0,00.18,-0.07,0003,-032,0998.7,008.9,58.7  ",0.1,1014,1.588729E+09,0,0,15.3,13.4,8.3,18,0.1,1,0.5,0,0.18,-0.07,3,-32,998.7,8.9,58.7
"2020-05-06 01:12:00",333," 1588728990,00.00,00000.00,015.9,015.0,008.3,018.0,00.2,1.000,000.5,000.0,00.05,-0.07,0003,-031,0998.7,008.9,57.4  ",0.2,1014,1.588729E+09,0,0,15.9,15,8.3,18,0.2,1,0.5,0,0.05,-0.07,3,-31,998.7,8.9,57.4
"2020-05-06 01:13:00",334," 1588729050,00.00,00000.00,017.9,017.2,008.3,018.0,00.3,1.000,000.5,000.0,00.01,-0.08,0003,-031,0998.7,008.9,56.8  ",0.3,1014,1.588729E+09,0,0,17.9,17.2,8.3,18,0.3,1,0.5,0,0.01,-0.08,3,-31,998.7,8.9,56.8
"2020-05-06 01:14:00",335," 1588729111,00.00,00000.00,016.9,015.2,008.3,018.0,00.2,1.000,000.5,000.0,00.14,-0.09,0003,-031,0998.6,008.9,58.6  ",0.2,1014,1.588729E+09,0,0,16.9,15.2,8.3,18,0.2,1,0.5,0,0.14,-0.09,3,-31,998.6,8.9,58.6
"2020-05-06 01:15:00",336," 1588729171,00.00,00000.00,018.1,017.4,008.3,018.0,00.3,1.000,000.5,000.0,00.02,-0.09,0003,-031,0998.7,008.8,57.5  ",0.3,1014,1.588729E+09,0,0,18.1,17.4,8.3,18,0.3,1,0.5,0,0.02,-0.09,3,-31,998.7,8.8,57.5
"2020-05-06 01:16:00",337," 1588729230,00.00,00000.00,019.6,018.9,008.3,018.0,00.4,1.000,000.5,000.0,00.01,-0.13,0003,-031,0998.6,008.8,57.1  ",0.4,1014,1.588729E+09,0,0,19.6,18.9,8.3,18,0.4,1,0.5,0,0.01,-0.13,3,-31,998.6,8.8,57.1
"2020-05-06 01:17:00",338," 1588729290,00.00,00000.00,018.2,017.2,008.3,018.0,00.3,1.000,000.5,000.0,00.06,-0.14,0003,-031,0998.7,008.9,54.3  ",0.3,1014,1.588729E+09,0,0,18.2,17.2,8.3,18,0.3,1,0.5,0,0.06,-0.14,3,-31,998.7,8.9,54.3
"2020-05-06 01:18:00",339," 1588729350,00.00,00000.00,016.7,015.5,008.3,017.9,00.2,1.000,000.5,000.0,00.09,-0.13,0003,-031,0998.6,008.9,54.8  ",0.2,1014,1.588729E+09,0,0,16.7,15.5,8.3,17.9,0.2,1,0.5,0,0.09,-0.13,3,-31,998.6,8.9,54.8
"2020-05-06 01:19:00",340," 1588729410,00.00,00000.00,017.6,016.7,008.3,017.9,00.3,1.000,000.5,000.0,00.04,-0.14,0003,-031,0998.6,008.8,56.6  ",0.3,1014,1.588729E+09,0,0,17.6,16.7,8.3,17.9,0.3,1,0.5,0,0.04,-0.14,3,-31,998.6,8.8,56.6
"2020-05-06 01:20:00",341," 1588729471,00.00,00000.00,018.7,017.7,008.2,017.9,00.3,1.000,000.5,000.0,00.05,-0.14,0003,-032,0998.6,008.8,57.7  ",0.3,1014,1.588729E+09,0,0,18.7,17.7,8.2,17.9,0.3,1,0.5,0,0.05,-0.14,3,-32,998.6,8.8,57.7
"2020-05-06 01:21:00",342," 1588729530,00.00,00000.00,021.9,021.2,008.2,017.9,00.5,1.000,000.5,000.0,00.01,-0.14,0003,-032,0998.6,008.7,57.2  ",0.5,1014,1.588729E+09,0,0,21.9,21.2,8.2,17.9,0.5,1,0.5,0,0.01,-0.14,3,-32,998.6,8.7,57.2
"2020-05-06 01:22:00",343," 1588729590,00.00,00000.00,018.6,018.1,008.2,017.9,00.3,1.000,000.5,000.0,-0.01,-0.15,0003,-032,0998.6,008.8,55.1  ",0.3,1014,1.58873E+09,0,0,18.6,18.1,8.2,17.9,0.3,1,0.5,0,-0.01,-0.15,3,-32,998.6,8.8,55.1
"2020-05-06 01:23:00",344," 1588729650,00.00,00000.00,019.2,018.2,008.3,017.9,00.3,1.000,000.5,000.1,00.05,-0.15,0003,-033,0998.7,008.8,56.2  ",0.3,1014,1.58873E+09,0,0,19.2,18.2,8.3,17.9,0.3,1,0.5,0.1,0.05,-0.15,3,-33,998.7,8.8,56.2
"2020-05-06 01:24:00",345," 1588729710,00.00,00000.00,020.8,019.6,008.3,017.9,00.4,1.000,000.5,000.1,00.08,-0.16,0003,-035,0998.6,008.8,56.1  ",0.4,1014,1.58873E+09,0,0,20.8,19.6,8.3,17.9,0.4,1,0.5,0.1,0.08,-0.16,3,-35,998.6,8.8,56.1
"2020-05-06 01:25:00",346," 1588729771,00.00,00000.00,020.9,020.4,008.3,017.9,00.4,1.000,000.5,000.1,-0.01,-0.16,0003,-036,0998.6,008.7,56.5  ",0.4,1014,1.58873E+09,0,0,20.9,20.4,8.3,17.9,0.4,1,0.5,0.1,-0.01,-0.16,3,-36,998.6,8.7,56.5
"2020-05-06 01:26:00",347," 1588729831,00.00,00000.00,019.1,017.8,008.3,017.8,00.3,1.000,000.5,000.1,00.08,-0.16,0003,-037,0998.7,008.8,55.6  ",0.3,1014,1.58873E+09,0,0,19.1,17.8,8.3,17.8,0.3,1,0.5,0.1,0.08,-0.16,3,-37,998.7,8.8,55.6
"2020-05-06 01:27:00",348," 1588729890,00.00,00000.00,017.0,015.9,008.3,017.8,00.2,1.000,000.5,000.1,00.07,-0.14,0003,-038,0998.7,008.8,56.6  ",0.2,1014,1.58873E+09,0,0,17,15.9,8.3,17.8,0.2,1,0.5,0.1,0.07,-0.14,3,-38,998.7,8.8,56.6
"2020-05-06 01:28:00",349," 1588729950,00.00,00000.00,015.9,015.4,008.2,017.8,00.2,1.000,000.5,000.1,-0.01,-0.13,0003,-038,0998.7,008.8,57.0  ",0.2,1014,1.58873E+09,0,0,15.9,15.4,8.2,17.8,0.2,1,0.5,0.1,-0.01,-0.13,3,-38,998.7,8.8,57
"2020-05-06 01:29:00",350," 1588730010,00.00,00000.00,014.5,013.7,008.2,017.8,00.2,1.000,000.5,000.1,00.04,-0.15,0004,-038,0998.7,008.8,55.2  ",0.2,1014,1.58873E+09,0,0,14.5,13.7,8.2,17.8,0.2,1,0.5,0.1,0.04,-0.15,4,-38,998.7,8.8,55.2
"2020-05-06 01:30:00",351," 1588730071,00.00,00000.00,015.8,015.7,008.1,017.8,00.2,1.000,000.5,000.1,-0.05,-0.16,0003,-037,0998.7,008.8,55.2  ",0.2,1014,1.58873E+09,0,0,15.8,15.7,8.1,17.8,0.2,1,0.5,0.1,-0.05,-0.16,3,-37,998.7,8.8,55.2
"2020-05-06 01:31:00",352," 1588730131,00.00,00000.00,015.1,013.8,008.2,017.8,00.2,1.000,000.5,000.1,00.10,-0.17,0003,-036,0998.7,009.1,53.8  ",0.2,1014,1.58873E+09,0,0,15.1,13.8,8.2,17.8,0.2,1,0.5,0.1,0.1,-0.17,3,-36,998.7,9.1,53.8
"2020-05-06 01:32:00",353," 1588730190,00.00,00000.00,018.0,016.8,008.2,017.8,00.3,1.000,000.5,000.1,00.08,-0.16,0003,-035,0998.8,009.0,55.3  ",0.3,1015,1.58873E+09,0,0,18,16.8,8.2,17.8,0.3,1,0.5,0.1,0.08,-0.16,3,-35,998.8,9,55.3
"2020-05-06 01:33:00",354," 1588730250,00.00,00000.00,016.1,015.1,008.2,017.8,00.2,1.000,000.5,000.1,00.05,-0.16,0003,-035,0998.7,008.8,54.5  ",0.2,1014,1.58873E+09,0,0,16.1,15.1,8.2,17.8,0.2,1,0.5,0.1,0.05,-0.16,3,-35,998.7,8.8,54.5
"2020-05-06 01:34:00",355," 1588730310,00.00,00000.00,018.0,017.2,008.2,017.8,00.3,1.000,000.5,000.1,00.03,-0.13,0003,-034,0998.8,008.8,57.3  ",0.3,1015,1.58873E+09,0,0,18,17.2,8.2,17.8,0.3,1,0.5,0.1,0.03,-0.13,3,-34,998.8,8.8,57.3
"2020-05-06 01:35:00",356," 1588730371,00.00,00000.00,016.0,014.2,008.1,017.7,00.2,1.000,000.5,000.1,00.16,-0.13,0003,-034,0998.7,008.8,54.9  ",0.2,1014,1.58873E+09,0,0,16,14.2,8.1,17.7,0.2,1,0.5,0.1,0.16,-0.13,3,-34,998.7,8.8,54.9
"2020-05-06 01:36:00",357," 1588730431,00.00,00000.00,019.2,017.7,008.2,017.7,00.3,1.000,000.5,000.1,00.12,-0.09,0003,-034,0998.8,008.8,55.2  ",0.3,1015,1.58873E+09,0,0,19.2,17.7,8.2,17.7,0.3,1,0.5,0.1,0.12,-0.09,3,-34,998.8,8.8,55.2
"2020-05-06 01:37:00",358," 1588730491,00.00,00000.00,015.7,014.0,008.1,017.7,00.2,1.000,000.5,000.1,00.15,-0.09,0003,-034,0998.6,008.8,55.2  ",0.2,1014,1.58873E+09,0,0,15.7,14,8.1,17.7,0.2,1,0.5,0.1,0.15,-0.09,3,-34,998.6,8.8,55.2
"2020-05-06 01:38:00",359," 1588730551,00.00,00000.00,019.2,018.1,008.1,017.7,00.3,1.000,000.5,000.1,00.06,-0.08,0003,-034,0998.7,008.7,56.7  ",0.3,1014,1.58873E+09,0,0,19.2,18.1,8.1,17.7,0.3,1,0.5,0.1,0.06,-0.08,3,-34,998.7,8.7,56.7
"2020-05-06 01:39:00",360," 1588730611,00.00,00000.00,019.9,018.7,008.1,017.7,00.3,1.000,000.5,000.1,00.08,-0.09,0003,-035,0998.8,008.5,59.4  ",0.3,1015,1.588731E+09,0,0,19.9,18.7,8.1,17.7,0.3,1,0.5,0.1,0.08,-0.09,3,-35,998.8,8.5,59.4
"2020-05-06 01:40:00",361," 1588730671,00.00,00000.00,018.8,017.5,008.0,017.7,00.3,1.000,000.5,000.1,00.08,-0.07,0003,-035,0998.8,008.5,59.5  ",0.3,1015,1.588731E+09,0,0,18.8,17.5,8,17.7,0.3,1,0.5,0.1,0.08,-0.07,3,-35,998.8,8.5,59.5
"2020-05-06 01:41:00",362," 1588730731,00.00,00000.00,024.0,023.4,008.1,017.6,00.6,1.000,000.6,000.1,-0.00,-0.10,0003,-035,0998.6,008.6,56.9  ",0.6,1014,1.588731E+09,0,0,24,23.4,8.1,17.6,0.6,1,0.6,0.1,-0,-0.1,3,-35,998.6,8.6,56.9
"2020-05-06 01:42:00",363," 1588730791,00.00,00000.00,026.4,025.7,008.1,017.6,00.7,1.000,000.6,000.1,00.01,-0.13,0003,-036,0998.8,008.6,56.8  ",0.7,1015,1.588731E+09,0,0,26.4,25.7,8.1,17.6,0.7,1,0.6,0.1,0.01,-0.13,3,-36,998.8,8.6,56.8
"2020-05-06 01:43:00",364," 1588730851,00.00,00000.00,021.2,020.5,008.1,017.6,00.4,1.000,000.5,000.1,00.02,-0.15,0003,-037,0998.7,008.5,56.7  ",0.4,1014,1.588731E+09,0,0,21.2,20.5,8.1,17.6,0.4,1,0.5,0.1,0.02,-0.15,3,-37,998.7,8.5,56.7
"2020-05-06 01:44:00",365," 1588730911,00.00,00000.00,022.3,021.4,008.1,017.6,00.5,1.000,000.5,000.1,00.03,-0.16,0003,-038,0998.7,008.5,56.2  ",0.5,1014,1.588731E+09,0,0,22.3,21.4,8.1,17.6,0.5,1,0.5,0.1,0.03,-0.16,3,-38,998.7,8.5,56.2
"2020-05-06 01:45:00",366," 1588730971,00.00,00000.00,020.7,020.0,008.1,017.6,00.4,1.000,000.5,000.1,00.02,-0.17,0003,-039,0998.8,008.6,56.6  ",0.4,1015,1.588731E+09,0,0,20.7,20,8.1,17.6,0.4,1,0.5,0.1,0.02,-0.17,3,-39,998.8,8.6,56.6
"2020-05-06 01:46:00",367," 1588731031,00.00,00000.00,020.3,019.2,008.1,017.6,00.4,1.000,000.5,000.1,00.06,-0.17,0003,-039,0998.8,008.5,58.1  ",0.4,1015,1.588731E+09,0,0,20.3,19.2,8.1,17.6,0.4,1,0.5,0.1,0.06,-0.17,3,-39,998.8,8.5,58.1
"2020-05-06 01:47:00",368," 1588731091,00.00,00000.00,018.4,017.8,008.1,017.6,00.3,1.000,000.5,000.1,00.00,-0.16,0003,-039,0998.7,008.5,56.5  ",0.3,1014,1.588731E+09,0,0,18.4,17.8,8.1,17.6,0.3,1,0.5,0.1,0,-0.16,3,-39,998.7,8.5,56.5
"2020-05-06 01:48:00",369," 1588731151,00.00,00000.00,019.2,018.3,008.1,017.5,00.3,1.000,000.5,000.1,00.05,-0.16,0003,-039,0998.7,008.5,57.5  ",0.3,1014,1.588731E+09,0,0,19.2,18.3,8.1,17.5,0.3,1,0.5,0.1,0.05,-0.16,3,-39,998.7,8.5,57.5
"2020-05-06 01:49:00",370," 1588731211,00.00,00000.00,020.2,019.5,008.1,017.5,00.4,1.000,000.5,000.1,00.01,-0.15,0003,-039,0998.7,008.5,56.5  ",0.4,1014,1.588731E+09,0,0,20.2,19.5,8.1,17.5,0.4,1,0.5,0.1,0.01,-0.15,3,-39,998.7,8.5,56.5
"2020-05-06 01:50:00",371," 1588731271,00.00,00000.00,018.3,017.2,008.0,017.5,00.3,1.000,000.5,000.1,00.07,-0.15,0003,-039,0998.7,008.5,56.7  ",0.3,1014,1.588731E+09,0,0,18.3,17.2,8,17.5,0.3,1,0.5,0.1,0.07,-0.15,3,-39,998.7,8.5,56.7
"2020-05-06 01:51:00",372," 1588731331,00.00,00000.00,015.8,014.7,008.0,017.5,00.2,1.000,000.5,000.1,00.07,-0.14,0003,-038,0998.7,008.6,56.9  ",0.2,1014,1.588731E+09,0,0,15.8,14.7,8,17.5,0.2,1,0.5,0.1,0.07,-0.14,3,-38,998.7,8.6,56.9
"2020-05-06 01:52:00",373," 1588731391,00.00,00000.00,018.9,017.8,008.0,017.5,00.3,1.000,000.5,000.1,00.07,-0.15,0003,-037,0998.6,008.6,54.9  ",0.3,1014,1.588731E+09,0,0,18.9,17.8,8,17.5,0.3,1,0.5,0.1,0.07,-0.15,3,-37,998.6,8.6,54.9
"2020-05-06 01:53:00",374," 1588731451,00.00,00000.00,019.5,018.1,008.0,017.5,00.3,1.000,000.5,000.1,00.10,-0.13,0003,-037,0998.6,008.5,59.5  ",0.3,1014,1.588731E+09,0,0,19.5,18.1,8,17.5,0.3,1,0.5,0.1,0.1,-0.13,3,-37,998.6,8.5,59.5
"2020-05-06 01:54:00",375," 1588731511,00.00,00000.00,019.7,018.6,008.0,017.5,00.3,1.000,000.5,000.1,00.06,-0.12,0003,-037,0998.7,008.5,57.2  ",0.3,1014,1.588732E+09,0,0,19.7,18.6,8,17.5,0.3,1,0.5,0.1,0.06,-0.12,3,-37,998.7,8.5,57.2
"2020-05-06 01:55:00",376," 1588731571,00.00,00000.00,020.8,019.9,008.1,017.4,00.4,1.000,000.5,000.1,00.04,-0.12,0003,-036,0998.7,008.5,57.4  ",0.4,1014,1.588732E+09,0,0,20.8,19.9,8.1,17.4,0.4,1,0.5,0.1,0.04,-0.12,3,-36,998.7,8.5,57.4
"2020-05-06 01:56:00",377," 1588731631,00.00,00000.00,019.8,018.9,008.0,017.4,00.4,1.000,000.5,000.1,00.05,-0.12,0003,-036,0998.7,008.5,57.7  ",0.4,1014,1.588732E+09,0,0,19.8,18.9,8,17.4,0.4,1,0.5,0.1,0.05,-0.12,3,-36,998.7,8.5,57.7
