"TOA5","CR6Series","CR6","10158","CR6.Std.09.02 CR6-WIFI.04.00.01","CPU:McGill_University_Program_Version34 May 7 2020.CR6","30372","Met_Data"
"TIMESTAMP","RECORD","LWMDry_Tot","LWMCon_Tot","LWMWet_Tot","Current_Avg","Current_Max","Frequency","WS_ms","Mean_WindDir","WindDir_SD","WS_ms_Max","WindDir_Max","CMP10_Solar_uWm2_Avg","CMP10_Solar_uWm2_Std","Temp1_Avg","Temp2_Avg","Temp3_Avg","Temp4_Avg","Temp5_Avg","Temp6_Avg","Temp7_Avg","Temp8_Avg","RH1","RH2","RH3","RH4","RH5","RH6","RH7","RH8"
"TS","RN","Minutes","Minutes","Minutes","Amps_rms","Amps_rms","Hz","meters/second","Deg","Deg","meters/second","Degrees","uW/m²","uW/m²","DegC","DegC","DegC","DegC","DegC","DegC","DegC","DegC","%","%","%","%","%","%","%","%"
"","","Tot","Tot","Tot","Avg","Max","Smp","WVc","WVc","WVc","Max","Max","Avg","Std","Avg","Avg","Avg","Avg","Avg","Avg","Avg","Avg","Smp","Smp","Smp","Smp","Smp","Smp","Smp","Smp"
"2020-05-07 23:53:00",284,0,1,0,0,0,0,2.445,250.1,15.46,3.528,275.4,0.9155204,0.02440737,10.54618,10.47139,10.45826,10.4504,10.37175,10.51584,10.38491,10.56481,44.31,44.37,44.32,44.43,44.37,44.29,44.33,44.36
"2020-05-07 23:54:00",285,0,1,0,0,0,0,2.234,295.5,37.09,3.136,342.9,0.8417654,0.0216623,10.52319,10.43438,10.44957,10.40728,10.33068,10.4713,10.35363,10.52822,44.79,44.72,44.77,44.83,44.69,44.68,44.75,44.89
"2020-05-07 23:55:00",286,0,1,0,0,0,0,1.223,315.5,54.3,2.96,340.2,0.7840807,0.02563516,10.49946,10.4318,10.42768,10.40575,10.3302,10.47888,10.3356,10.52122,45.12,45.04,45.04,45.11,44.98,44.96,45.03,45.16
"2020-05-07 23:56:00",287,0,1,0,0,0,0,2.667,284.4,39.82,5.096,326.3,0.6587573,0.0427846,10.49946,10.43297,10.40366,10.40527,10.32184,10.48052,10.33853,10.52036,45.8,45.73,45.79,45.83,45.72,45.67,45.74,45.86
"2020-05-07 23:57:00",288,0,1,0,0,0,0,3.324,302.6,23.37,5.821,340.6,0.5257586,0.04071436,10.47663,10.37581,10.38793,10.36086,10.26513,10.41692,10.26277,10.50159,46.7,46.75,46.83,46.9,46.78,46.78,46.82,46.75
"2020-05-07 23:58:00",289,0,1,0,0,0,0,2.502,323.2,45.85,6.899,348.5,0.2802686,0.03180273,10.37401,10.28297,10.2985,10.27045,10.17809,10.31912,10.17332,10.40578,47.9,47.97,48.05,48.1,48,48.04,48.19,47.91
"2020-05-07 23:59:00",290,0,1,0,0,0,0,1.686,287.2,46.7,3.665,329.6,0.1273621,0.06761696,10.27055,10.17511,10.19246,10.15672,10.06717,10.20892,10.06016,10.3053,48.75,48.64,48.88,48.75,48.68,48.66,48.8,48.81
"2020-05-08 00:00:00",291,0,1,0,0,0,0,2.803,306.6,24.11,5.096,339.4,0,0,10.19487,10.09294,10.11193,10.08576,9.980221,10.12531,9.986481,10.22655,48.56,48.71,48.65,48.71,48.77,48.73,48.82,48.61
"2020-05-08 00:01:00",292,0,1,0,0,0,0,4.315,282.9,20.72,6.292,324.8,0,0,10.06159,9.960577,9.97561,9.963195,9.84971,10.00124,9.863144,10.09454,48.88,49,49.01,49.17,48.98,48.95,48.94,48.92
"2020-05-08 00:02:00",293,0,0.5,0.5,0,0,0,4.144,296.3,25.15,8.15,329.6,0,0,9.893729,9.805678,9.811949,9.797132,9.687666,9.832677,9.695721,9.933875,49.9,49.84,49.98,49.98,49.82,49.82,49.8,50.07
"2020-05-08 00:03:00",294,0,0,1,0,0,0,4.346,296.9,31.98,6.997,329.6,0,0,9.737011,9.64897,9.659544,9.644881,9.530952,9.677823,9.536927,9.787267,51.26,51.22,51.39,51.41,51.13,50.97,50.81,51.29
"2020-05-08 00:04:00",295,0,0.083,0.917,0,0,0,4.544,295.5,17.63,7.546,326.3,0,0,9.614607,9.525311,9.533687,9.519183,9.408431,9.566241,9.410895,9.651195,51.43,51.43,51.48,51.54,51.29,51.09,51.07,51.45
"2020-05-08 00:05:00",296,0,0.917,0.083,0,0,0,3.835,301.5,47.76,6.409,332.7,0,0,9.519482,9.435122,9.44206,9.433807,9.331011,9.473475,9.332099,9.553651,52.23,51.93,52.18,52.12,51.77,51.55,51.5,52.45
"2020-05-08 00:06:00",297,0,1,0,0,0,0,2.344,272.6,39.69,4.43,330.3,0,0,9.447998,9.362835,9.372046,9.34558,9.257909,9.403619,9.25747,9.489774,53.25,52.28,52.88,52.65,52.19,52.1,51.98,53.73
"2020-05-08 00:07:00",298,0,0.917,0.083,0,0,0,3.319,298,27.48,6.821,333.8,0,0,9.388614,9.309269,9.311945,9.296643,9.204816,9.345837,9.207541,9.434758,52.62,52.38,52.53,52.6,52.32,52.07,52.05,52.72
"2020-05-08 00:08:00",299,0,0,1,0,0,0,3.706,286.1,25.81,5.41,326.7,0,0,9.331877,9.247577,9.248136,9.239409,9.145341,9.297681,9.157701,9.371417,52.41,51.96,52.4,52.26,51.81,51.71,51.82,52.55
"2020-05-08 00:09:00",300,0,0,1,0,0,0,4.005,288.3,30.03,8.55,342.7,0,0,9.272291,9.184063,9.187299,9.174605,9.083883,9.230925,9.081464,9.30829,53.66,53.15,53.54,53.36,53.01,52.75,52.6,53.74
"2020-05-08 00:10:00",301,0,0,1,0,0,0,5.129,280.8,24.51,7.566,329,0,0,9.194604,9.115826,9.118417,9.10257,9.023804,9.162578,9.027415,9.231189,53.53,52.47,53.03,52.75,52.48,52.46,52.39,54.04
"2020-05-08 00:11:00",302,0,0,1,0,0,0,2.573,312.9,30.35,6.154,351.4,0,0,9.130877,9.045131,9.050178,9.029714,8.944861,9.085682,8.95198,9.168422,54.98,54.52,54.86,54.57,54.31,54.34,54.16,55.43
"2020-05-08 00:12:00",303,0,0,1,0,0,0,2.875,271,43.94,5.527,342.9,0,0,9.058912,8.988473,8.982459,8.966704,8.880322,9.017451,8.895951,9.092408,55.23,54.77,55.27,55.17,54.83,54.66,54.41,55.22
"2020-05-08 00:13:00",304,0,0,1,0,0,0,2.556,288.7,30.85,3.763,334.4,0,0,9.000365,8.933958,8.929364,8.921227,8.832574,8.976775,8.850204,9.037424,55.38,55.31,55.44,55.31,55.13,54.91,54.6,55.35
"2020-05-08 00:14:00",305,0,0,1,0,0,0,2.453,277.4,26.67,4.018,310.8,0,0,8.951417,8.881502,8.879423,8.871803,8.77879,8.921823,8.805084,8.991767,57.47,56.8,57.23,57.04,56.65,56.5,56.19,57.59
"2020-05-08 00:15:00",306,0,0,1,0,0,0,1.548,245.4,47.04,3.234,330.4,0,0,8.863138,8.782777,8.777708,8.766299,8.675921,8.816884,8.678325,8.894611,60.4,59.5,60.16,59.84,59.23,58.92,58.69,60.68
"2020-05-08 00:16:00",307,0,0,1,0,0,0,3.794,304.7,30.28,8.98,333.1,0,0,8.735335,8.645464,8.644419,8.633458,8.532777,8.666507,8.528037,8.774121,61.23,60.33,61.01,60.66,60.21,60.16,59.93,61.43
"2020-05-08 00:17:00",308,0,0,1,0,0,0,2.695,279.9,50.66,6.488,350.1,0,0,8.586034,8.503256,8.503958,8.494009,8.388631,8.528853,8.38968,8.632965,61.76,61.41,61.78,61.61,61.43,61.53,61.41,62.24
"2020-05-08 00:18:00",309,0,0,1,0,0,0,3.26,267.2,50.64,5.292,334.2,0,0,8.441289,8.366055,8.364803,8.348865,8.255775,8.402374,8.258755,8.491717,62.93,62.67,62.94,62.95,62.12,61.87,61.91,63.19
"2020-05-08 00:19:00",310,0,0,1,0,0,0,2.63,336.4,58.27,6.409,343.9,0,0,8.32002,8.245158,8.24487,8.241619,8.146499,8.295968,8.155932,8.365825,64.42,63.38,64.61,63.95,62.92,62.47,62.13,64.68
"2020-05-08 00:20:00",311,0,0,1,0,0,0,3.587,300.5,30.36,5.116,348.2,0,0,8.230083,8.157365,8.151933,8.145547,8.05523,8.210671,8.075928,8.271936,62.77,62.48,62.79,62.56,62.46,62.11,61.68,62.95
"2020-05-08 00:21:00",312,0,0,1,0,0,0,3.237,292.9,32.91,6.801,353.2,0,0,8.153216,8.080182,8.074269,8.066834,7.979989,8.130927,8.010579,8.194966,63.09,62.47,63.14,62.82,62.34,62.11,61.95,63.55
"2020-05-08 00:22:00",313,0,0,1,0,0,0,4.693,301,24.82,7.958,353.2,0,0,8.080964,8.00916,7.998801,8.002264,7.914486,8.072036,7.938828,8.123911,62.83,62.57,62.9,62.6,62.5,62.33,62.27,63.08
"2020-05-08 00:23:00",314,0,0,1,0,0,0,3.824,320.3,25.71,6.821,343.5,0,0,7.999156,7.94029,7.925051,7.921473,7.84762,8.016103,7.874989,8.040235,63.33,62.92,63.36,63.07,62.43,62.07,61.84,63.51
"2020-05-08 00:24:00",315,0,0,1,0,0,0,2.947,301.8,45.33,7.703,328.1,0,0,7.96612,7.913887,7.884281,7.894819,7.829367,7.980652,7.861855,7.99272,63.94,63.47,63.91,63.62,62.98,62.82,62.78,64.31
"2020-05-08 00:25:00",316,0,0,1,0,0,0,3.618,279,23.05,6.056,333.6,0,0,7.930196,7.880687,7.875002,7.868858,7.821186,7.960324,7.842112,7.971983,63.46,62.93,63.32,63.2,62.85,62.71,62.75,63.8
"2020-05-08 00:26:00",317,0,0,1,0,0,0,4.644,299.8,32.45,6.84,354.2,0,0,7.914205,7.861532,7.829589,7.835715,7.767166,7.928389,7.792198,7.93327,64.12,63.55,64.29,63.88,63.28,62.98,63,64.28
"2020-05-08 00:27:00",318,0,0,1,0,0,0,4.681,287.3,27.8,7.762,324.6,0,0,7.807877,7.752159,7.733725,7.727777,7.645789,7.796178,7.654685,7.838822,65.91,65.24,65.97,65.79,65.38,65.07,64.63,66.13
"2020-05-08 00:28:00",319,0,0,1,0,0,0,2.917,257.2,37.09,6.096,344,0,0,7.650098,7.583349,7.563887,7.553087,7.472509,7.617555,7.487213,7.681335,66.44,66.33,66.7,66.75,66.14,65.91,65.44,66.7
"2020-05-08 00:29:00",320,0,0,1,0,0,0,3.766,276.5,22.21,9.19,320.3,0,0,7.532613,7.4694,7.443871,7.447774,7.374842,7.51626,7.381369,7.563396,68.54,68.09,68.69,68.42,67.9,67.53,66.88,68.73
"2020-05-08 00:30:00",321,0,0,1,0,0,0,2.066,284.9,50.31,5.645,319.4,0,0,7.451349,7.381742,7.377193,7.362257,7.289901,7.439602,7.305517,7.485977,68.8,68.13,68.68,68.5,67.96,67.75,67.31,69.14
"2020-05-08 00:31:00",322,0,0,1,0,0,0,4.075,283.8,32.2,5.9,354.5,0,0,7.368662,7.30613,7.287413,7.283621,7.215054,7.35848,7.229077,7.407608,68.17,67.08,67.92,67.46,66.94,66.71,66.73,68.58
"2020-05-08 00:32:00",323,0,0,1,0,0,0,3.739,285,30.78,7.017,315.2,0,0,7.296302,7.249583,7.219038,7.225725,7.146181,7.285194,7.155907,7.332588,68.32,67.65,68.16,67.94,67.59,67.42,67.47,68.38
"2020-05-08 00:33:00",324,0,0,1,0,0,0,3.863,306.2,37.81,6.742,348.3,0,0,7.2127,7.165821,7.135746,7.139362,7.066082,7.207251,7.069574,7.245619,68.47,68.26,68.71,68.37,68.17,67.66,67.34,68.64
"2020-05-08 00:34:00",325,0,0,1,0,0,0,2.716,288.1,49.48,5.312,349.6,0,0,7.132599,7.102077,7.074512,7.070034,7.017054,7.157286,7.019307,7.180177,69.81,69.24,69.9,69.63,69.25,68.63,68.36,69.87
"2020-05-08 00:35:00",326,0,0,1,0,0,0,2.132,269.1,29.56,3.842,338.9,0,0,7.091883,7.045659,7.0123,7.011087,6.958242,7.108834,6.9662,7.126636,69.24,68.69,69.22,69.01,68.46,68.31,68.53,69.67
"2020-05-08 00:36:00",327,0,0,1,0,0,0,2.973,303.4,21.64,3.998,343.9,0,0,7.051963,7.003368,6.965395,6.97184,6.908202,7.046702,6.902335,7.088521,71.22,70.31,71,70.8,70.04,69.71,69.47,71.42
"2020-05-08 00:37:00",328,0,0,1,0,0,0,1.932,278,23.39,5.86,311.6,0,0,6.980973,6.939428,6.898896,6.907063,6.843527,6.980215,6.842471,7.013819,71.87,70.81,71.55,71.26,70.28,69.9,69.59,72.41
"2020-05-08 00:38:00",329,0,0,1,0,0,0,2.863,299,41.73,6.135,354.5,0,0,6.923241,6.924725,6.876274,6.892774,6.827152,6.957107,6.811586,6.973171,70.71,69.47,70.4,69.75,69.06,68.93,68.33,71.27
"2020-05-08 00:39:00",330,0,0,1,0,0,0,3.894,302.7,23.93,6.488,317.3,0,0,6.922966,6.924261,6.876267,6.891251,6.8277,6.955309,6.811242,6.973064,68.03,67.67,68.04,67.81,67.44,67.06,67,68.08
"2020-05-08 00:40:00",331,0,0,1,0,0,0,2.345,288.7,21.68,3.9,323.4,0,0,6.923635,6.92429,6.877477,6.893163,6.828891,6.955296,6.855114,6.971994,69.7,68.96,69.53,69.16,68.65,68.38,68.14,70.08
"2020-05-08 00:41:00",332,0,0,1,0,0,0,3.881,297.5,34.48,7.134,319,0,0,6.915777,6.877621,6.845283,6.846014,6.794621,6.939899,6.821612,6.950255,68.46,67.81,68.26,68.04,67.6,67.41,67.65,68.8
"2020-05-08 00:42:00",333,0,0,1,0,0,0,3.69,264.9,19.91,5.214,306.9,0,0,6.876228,6.870456,6.831723,6.84304,6.77821,6.910576,6.79553,6.926802,72.46,70.96,72.03,71.68,70.02,69.59,68.89,72.39
"2020-05-08 00:43:00",334,0,0,1,0,0,0,1.784,309.3,38.89,4.9,335.4,0,0,6.840579,6.771942,6.761291,6.756531,6.684531,6.823267,6.687138,6.87771,73.01,72.13,72.81,72.62,71.8,71.28,70.9,73.52
"2020-05-08 00:44:00",335,0,0,1,0,0,0,3.285,279.3,24.48,4.782,327.7,0,0,6.728937,6.658991,6.657612,6.636908,6.566005,6.702138,6.565322,6.776188,69.64,69.29,69.53,69.5,69.17,68.97,69.02,69.87
"2020-05-08 00:45:00",336,0,0,1,0,0,0,3.128,282.6,30.09,4.998,334.4,0,0,6.677036,6.604473,6.602991,6.591042,6.522247,6.668179,6.538718,6.725719,70.02,69.66,69.96,69.96,69.44,69.32,68.95,69.97
"2020-05-08 00:46:00",337,0,0,1,0,0,0,3.296,296.4,41.89,5.253,344.1,0,0,6.643837,6.567585,6.565613,6.542912,6.478913,6.619132,6.500338,6.6831,69.75,69.08,69.53,69.24,68.84,68.57,68.79,70.03
"2020-05-08 00:47:00",338,0,0,1,0,0,0,1.527,277.9,55.17,3.156,342.6,0,0,6.604809,6.560331,6.55445,6.526922,6.464571,6.591183,6.49343,6.653246,71.49,70.47,71.06,70.81,70.11,69.93,69.73,71.6
"2020-05-08 00:48:00",339,0,0,1,0,0,0,3,277.2,33.3,4.528,323.6,0,0,6.592,6.541299,6.510439,6.51829,6.45337,6.591837,6.454305,6.624308,70.53,70.18,70.47,70.37,70.02,69.91,69.69,70.59
"2020-05-08 00:49:00",340,0,0,1,0,0,0,2.172,297,37.73,3.293,352.7,0,0,6.557309,6.503061,6.482382,6.481873,6.418657,6.550622,6.413172,6.609209,71.36,70.7,71.18,70.8,70.12,69.96,69.43,71.44
"2020-05-08 00:50:00",341,0,0,1,0,0,0,3.492,277.7,26.77,5.743,327.3,0,0,6.527135,6.469276,6.46526,6.441084,6.378113,6.508296,6.366084,6.57618,70.44,69.05,70.12,69.67,68.87,68.54,68.31,70.58
"2020-05-08 00:51:00",342,0,0,1,0,0,0,1.426,308.6,31.23,2.332,339,0,0,6.503878,6.453737,6.436165,6.42904,6.366197,6.49954,6.354649,6.54871,71.1,70.44,70.96,70.08,70.56,70.1,69.67,71.32
"2020-05-08 00:52:00",343,0,0,1,0,0,0,2.123,280.7,24.39,3.077,322.8,0,0,6.444105,6.404619,6.379508,6.38414,6.310883,6.470247,6.3356,6.488353,73.06,72.42,72.77,72.43,72.28,72.05,71.81,73.09
"2020-05-08 00:53:00",344,0,0,1,0,0,0,3.526,273.7,30.1,5.135,311.5,0,0,6.390409,6.352091,6.329217,6.326798,6.251637,6.40876,6.271469,6.437546,72.23,71.53,72.12,71.84,71.38,71.04,70.77,72.39
"2020-05-08 00:54:00",345,0,0,1,0,0,0,1.508,329.1,28.34,4.155,354.1,0,0,6.375693,6.332319,6.290813,6.29919,6.236558,6.409545,6.264011,6.426146,73.75,72.03,73.43,72.73,71.75,71.56,71.18,73.83
"2020-05-08 00:55:00",346,0,0,1,0,0,0,2.342,284.6,47.9,4.43,350.7,0,0,6.344644,6.309421,6.28414,6.273801,6.237459,6.377937,6.255933,6.381201,72.75,72.13,72.78,72.31,71.91,71.79,71.59,73.05
"2020-05-08 00:56:00",347,0,0,1,0,0,0,3.556,305.4,21.96,7.566,341.8,0,0,6.307276,6.271909,6.248903,6.255346,6.195267,6.332429,6.190551,6.353499,71.35,70.71,71.26,70.96,70.5,70.3,70.31,71.72
"2020-05-08 00:57:00",348,0,0,1,0,0,0,2.757,276,25.02,5.566,331.4,0,0,6.281149,6.242132,6.237106,6.243431,6.17592,6.310221,6.173105,6.333615,72.87,72.41,72.77,72.59,72.34,72.21,71.61,73.09
"2020-05-08 00:58:00",349,0,0,1,0,0,0,2.924,262.7,25.98,4.547,306.5,0,0,6.253381,6.214546,6.180915,6.190722,6.119951,6.252817,6.131868,6.29309,73.53,72.94,73.33,73.11,72.86,72.75,72.45,73.64
"2020-05-08 00:59:00",350,0,0,1,0,0,0,3.218,290.7,19.07,5.096,323.1,0,0,6.207734,6.164246,6.145294,6.143282,6.083465,6.222418,6.080599,6.243332,74.2,73.85,74.24,74.15,73.65,73.41,73.3,74.23
"2020-05-08 01:00:00",351,0,0,1,0,0,0,1.236,264.4,32.72,2.352,304.8,0,0,6.165021,6.121185,6.092936,6.09581,6.033171,6.165202,6.030804,6.211191,76.37,76.05,76.29,76.13,76.23,75.92,74.95,76.34
"2020-05-08 01:01:00",352,0,0,1,0,0,0,2.257,270.2,31.77,3.587,311.3,0,0,6.119148,6.062471,6.05559,6.042156,5.972256,6.103954,5.978079,6.168656,77.32,75.85,76.94,76.24,75.7,75.59,75.7,77.52
"2020-05-08 01:02:00",353,0,0,1,0,0,0,3.642,285.1,19.67,5.39,310,0,0,6.099738,6.021077,6.007901,6.020239,5.927157,6.07824,5.943482,6.153756,73.74,73.3,73.58,73.41,73.33,73.34,73.45,73.58
"2020-05-08 01:03:00",354,0,0,1,0,0,0,2.35,296.6,33.13,3.332,339.5,0,0,6.100935,6.014902,6.008268,5.9826,5.918076,6.043146,5.943752,6.154095,75.02,74.4,74.99,74.85,74.12,73.87,73.56,75.03
"2020-05-08 01:04:00",355,0,0,1,0,0,0,3.069,311.7,13.11,4.488,334,0,0,6.077541,6.014143,5.99855,5.981421,5.918605,6.043396,5.933074,6.126725,74.99,74.55,74.86,74.83,74.4,74.23,74.12,74.94
"2020-05-08 01:05:00",356,0,0,1,0,0,0,1.094,282.5,53.32,2.607,353.2,0,0,6.023994,5.976297,5.954773,5.948992,5.88207,6.017469,5.89678,6.073561,75.96,75.3,76.22,75.77,75.04,74.84,74.63,76.11
"2020-05-08 01:06:00",357,0,0,1,0,0,0,2.391,265.2,29.59,4.292,320,0,0,5.996751,5.935579,5.914024,5.909688,5.843251,5.987474,5.853624,6.044336,76.16,75.6,76.26,76.03,75.44,75.41,75.41,76.15
"2020-05-08 01:07:00",358,0,0,1,0,0,0,1.307,271.1,25.79,2.215,319.1,0,0,5.962239,5.90357,5.873504,5.875897,5.807158,5.941459,5.806997,6.017348,80.6,78.47,80,79.31,78.17,77.75,77.31,80.7
"2020-05-08 01:08:00",359,0,0,1,0,0,0,3.517,265.6,22.74,4.959,303.7,0,0,5.921581,5.869341,5.836429,5.845169,5.757565,5.906246,5.762085,5.972101,77.66,76.48,77.47,77.07,76.18,76.14,76.25,77.54
"2020-05-08 01:09:00",360,0,0,1,0,0,0,3.209,290.1,22.66,4.626,335.8,0,0,5.895456,5.83242,5.826661,5.812019,5.737433,5.907788,5.761261,5.940098,76.13,75.86,76.13,76.07,75.9,75.74,75.66,76.01
"2020-05-08 01:10:00",361,0,0,1,0,0,0,3.548,285.5,25.33,6.546,318.6,0,0,5.871403,5.833042,5.828265,5.799257,5.737185,5.908056,5.762251,5.926903,76.48,75.99,76.44,76.38,75.91,75.84,75.74,76.19
"2020-05-08 01:11:00",362,0,0,1,0,0,0,3.425,304.8,27.58,6.37,334.4,0,0,5.871876,5.832417,5.79922,5.799896,5.737269,5.896535,5.761211,5.925528,76.65,75.98,76.56,76.26,75.69,75.45,75.35,76.64
"2020-05-08 01:12:00",363,0,0,1,0,0,0,3.77,320.7,34.6,5.547,334.3,0,0,5.843394,5.798439,5.772147,5.769886,5.706535,5.850311,5.7174,5.896423,77.72,77.08,77.72,77.39,77.07,76.99,76.61,77.53
"2020-05-08 01:13:00",364,0,0,1,0,0,0,3.183,299.6,30.44,6.742,348.5,0,0,5.788017,5.73715,5.715858,5.715005,5.643425,5.785812,5.646282,5.845483,78.3,77.17,77.9,77.33,77.11,76.86,76.75,78.2
"2020-05-08 01:14:00",365,0,0,1,0,0,0,4.091,310.4,20.41,6.39,350.5,0,0,5.734205,5.668575,5.645807,5.663538,5.589953,5.723868,5.579006,5.782299,77.34,76.6,77.14,76.76,76.41,76.2,76.1,77.35
"2020-05-08 01:15:00",366,0,0,1,0,0,0,3.291,288.3,28.25,6.252,341.7,0,0,5.68821,5.650801,5.643742,5.617378,5.555106,5.697929,5.579463,5.743208,78.54,77.35,78.37,77.81,76.75,76.43,76.1,78.49
"2020-05-08 01:16:00",367,0,0,1,0,0,0,2.672,300.2,30.97,5.155,354.1,0,0,5.68421,5.608039,5.596251,5.608773,5.543762,5.679157,5.533903,5.721517,79.78,78.67,79.54,78.98,78,77.61,77.16,79.69
"2020-05-08 01:17:00",368,0,0,1,0,0,0,2.135,272.6,39.72,4.175,328.6,0,0,5.635998,5.56692,5.567036,5.556473,5.496865,5.622693,5.488323,5.697147,78.75,78.52,78.71,78.6,78.09,77.7,77.71,78.65
"2020-05-08 01:18:00",369,0,0,1,0,0,0,1.931,317.7,14.12,2.999,351.7,0,0,5.597071,5.513407,5.514191,5.519236,5.45003,5.580768,5.435209,5.653005,79.98,79.58,80.1,79.82,79.26,79.03,78.78,79.53
"2020-05-08 01:19:00",370,0,0,1,0,0,0,2.53,305.9,25.54,5.782,351.7,0,0,5.546011,5.467752,5.470109,5.466001,5.396878,5.544566,5.370474,5.596443,79.37,78.91,79.22,78.96,78.69,78.71,78.69,79.09
"2020-05-08 01:20:00",371,0,0,1,0,0,0,2.786,275.2,33.06,6.233,312.7,0,0,5.505737,5.438229,5.430964,5.434292,5.374114,5.497132,5.351651,5.562275,79.52,79.24,79.35,79.34,79.02,79.01,79.1,79.46
"2020-05-08 01:21:00",372,0,0,1,0,0,0,2.884,291.5,14.7,4.214,313.9,0,0,5.488612,5.421526,5.414073,5.405737,5.352692,5.478607,5.334691,5.527836,78.21,77.94,78.11,78.02,77.69,77.81,78.11,78.13
"2020-05-08 01:22:00",373,0,0,1,0,0,0,2.793,292.3,23.39,3.783,327,0,0,5.458939,5.389832,5.407164,5.388997,5.328479,5.45253,5.3064,5.516417,78.8,78.58,78.79,78.74,78.24,78.12,78.09,78.68
"2020-05-08 01:23:00",374,0,0,1,0,0,0,1.637,286.9,41.65,2.626,333.2,0,0,5.458453,5.377857,5.369045,5.383446,5.306669,5.444326,5.294129,5.512011,81.2,80.1,80.7,80.4,79.74,79.42,79.41,81.3
"2020-05-08 01:24:00",375,0,0,1,0,0,0,1.865,296.4,33.13,3.704,338.1,0,0,5.417562,5.346235,5.345602,5.343593,5.285013,5.406141,5.26001,5.470375,80.2,79.26,79.8,79.46,79.16,78.9,78.71,79.82
"2020-05-08 01:25:00",376,0,0,1,0,0,0,3.67,287.6,30.25,6.115,354.2,0,0,5.411883,5.331219,5.323292,5.314761,5.244925,5.405048,5.258811,5.452826,78.8,78.39,78.6,78.56,78.1,77.79,77.78,78.83
"2020-05-08 01:26:00",377,0,0,1,0,0,0,2.733,311.9,21.64,4.351,348.2,0,0,5.410151,5.33123,5.323257,5.297586,5.237125,5.404657,5.254571,5.42601,77.9,77.7,77.8,77.75,77.45,77.31,77.49,77.88
"2020-05-08 01:27:00",378,0,0,1,0,0,0,2.84,302.4,29.98,3.959,353.4,0,0,5.356785,5.294112,5.296104,5.287888,5.219197,5.357601,5.204484,5.403074,78.9,78.58,78.9,78.73,78.46,78.3,78.08,78.84
"2020-05-08 01:28:00",379,0,0,1,0,0,0,2.757,284.5,41.58,4.312,342.6,0,0,5.297653,5.232136,5.239781,5.228832,5.157898,5.296022,5.153166,5.341986,79.64,79.13,79.58,79.31,78.98,79.01,78.95,79.53
"2020-05-08 01:29:00",380,0,0,1,0,0,0,1.348,324.8,60.65,2.94,350.2,0.009114348,0.01200216,5.254035,5.183226,5.180984,5.185923,5.112694,5.247381,5.097146,5.296715,82.3,81.1,82.4,81.8,80.6,80.3,79.7,82
"2020-05-08 01:30:00",381,0,0,1,0,0,0,2.154,285,26.41,4.371,352.1,0.002158661,0.003874916,5.201925,5.130203,5.12887,5.123807,5.056425,5.193325,5.040077,5.250216,81.6,80.8,81.6,81.2,80.4,79.83,79.73,81.5
"2020-05-08 01:31:00",382,0,0,1,0,0,0,2.867,288.5,27.64,4.116,354.5,0,0,5.15502,5.077184,5.071953,5.06407,5.013645,5.143171,4.99015,5.201238,79.06,78.45,78.92,78.59,77.54,77.48,77.32,79.03
"2020-05-08 01:32:00",383,0,0,1,0,0,0,2.306,293.2,34.75,4.038,353.2,0,0,5.10514,5.035374,5.025688,5.024074,4.968705,5.107592,4.969398,5.153484,79.47,78.56,79.27,78.85,78.27,78.02,77.84,79.48
"2020-05-08 01:33:00",384,0,0,1,0,0,0,4.284,292.9,22.97,7.115,337.6,0.001439107,0.004772979,5.092579,5.01339,5.003456,5.025616,4.964386,5.088007,4.939827,5.128087,77.56,77.36,77.66,77.49,77.05,76.89,76.77,77.52
"2020-05-08 01:34:00",385,0,0,1,0,0,0,4.181,303.4,19.72,6.468,337.6,0.03142051,0.03186051,5.075732,5.009904,4.989111,5.001507,4.946022,5.07109,4.928158,5.107519,78.5,78.4,78.6,78.44,77.94,77.65,77.12,78.29
"2020-05-08 01:35:00",386,0,0,1,0,0,0,2.626,258.4,27.88,4.41,321.9,0.1291599,0.09533676,5.020685,4.949274,4.934503,4.937162,4.882196,5.012177,4.869343,5.061871,81.5,80.7,81.3,81,80.4,80.1,79.58,81.2
"2020-05-08 01:36:00",387,0,0,1,0,0,0,1.712,283.6,47.47,3.548,329.9,0.1572224,0.02908115,4.963428,4.880034,4.875532,4.866158,4.802151,4.926977,4.78435,5.00532,82,80.9,81.8,81.3,80.7,80.7,80.3,81.9
"2020-05-08 01:37:00",388,0,0,1,0,0,0,2.948,296.9,27.71,7.664,331.7,0.11285,0.0704684,4.902121,4.823528,4.814293,4.812305,4.742802,4.869171,4.707557,4.948311,83,81.8,83.1,82.3,81.3,81,80.5,82.8
"2020-05-08 01:38:00",389,0,0,1,0,0,0,4.155,278.3,29.29,6.938,325.2,0.003357916,0.007508527,4.833439,4.766384,4.75212,4.751608,4.684626,4.808916,4.643375,4.886263,78.71,78.51,78.83,78.69,78.22,78.1,78.06,78.57
"2020-05-08 01:39:00",390,0,0,1,0,0,0,2.055,288.9,39.91,3.587,331,0.07447378,0.04943887,4.769455,4.702993,4.694376,4.688422,4.623168,4.756723,4.600864,4.815971,80.1,79.66,80,79.94,79.42,79.01,79.41,80
"2020-05-08 01:40:00",391,0,0,1,0,0,0,3.343,291.6,20.12,7.036,332.9,0.03813633,0.03160306,4.712742,4.650602,4.63739,4.637394,4.570238,4.709646,4.537926,4.759429,79.12,78.87,79.22,79.02,78.71,78.54,78.72,79.09
"2020-05-08 01:41:00",392,0,0,1,0,0,0,4.127,311.7,31.19,6.488,351.8,0.01139293,0.01882296,4.65752,4.58935,4.583919,4.588154,4.526264,4.648103,4.488021,4.712718,77.79,77.51,77.94,77.66,77.21,77.07,77.19,77.93
"2020-05-08 01:42:00",393,0,0,1,0,0,0,3.061,295.9,39.54,6.272,349.3,0.06236127,0.0565245,4.609128,4.55752,4.545249,4.530337,4.472637,4.618525,4.437807,4.650361,78.63,78.35,78.64,78.58,78.19,77.91,77.71,78.71
