"TOA5","CR6Series","CR6","10158","CR6.Std.09.02 CR6-WIFI.04.00.01","CPU:McGill_University_Program_Version32.CR6 Feb 3rd.cr6","64318","Met_Data"
"TIMESTAMP","RECORD","LWMDry_Tot","LWMCon_Tot","LWMWet_Tot","Current_Avg","Current_Max","Frequency","WS_ms","Mean_WindDir","WindDir_SD","CMP10_Solar_uWm2_Avg","CMP10_Solar_uWm2_Std","Temp1_Avg","Temp2_Avg","Temp3_Avg","Temp4_Avg","Temp5_Avg","Temp6_Avg","Temp7_Avg","Temp8_Avg","RH1","RH2","RH3","RH4","RH5","RH6","RH7","RH8"
"TS","RN","Minutes","Minutes","Minutes","Amps_rms","Amps_rms","Hz","meters/second","Deg","Deg","uW/m²","uW/m²","DegC","DegC","DegC","DegC","DegC","DegC","DegC","DegC","%","%","%","%","%","%","%","%"
"","","Tot","Tot","Tot","Avg","Max","Smp","WVc","WVc","WVc","Avg","Std","Avg","Avg","Avg","Avg","Avg","Avg","Avg","Avg","Smp","Smp","Smp","Smp","Smp","Smp","Smp","Smp"
"2020-02-23 00:00:00",5513,0,5,0,22.39,26.64,"NAN",3.043,252.2,24.08,0,0,-0.6297461,-0.3927944,-0.5950708,-0.5008001,-0.3682033,-0.1223637,-0.1469945,-0.7231532,70.28,69.29,69.82,69.62,68.88,68.52,68.18,70.77
"2020-02-23 00:05:00",5514,0,5,0,20.92,25.32,"NAN",2.899,251.7,20.32,0,0,-0.5909203,-0.3985285,-0.5602401,-0.4996967,-0.409381,-0.1586119,-0.2484685,-0.6603573,71.04,69.94,70.7,70.4,69.44,69.01,68.65,71.6
"2020-02-23 00:10:00",5515,0,5,0,22.99,28.48,"NAN",2.779,251.3,22.12,0,0,-0.5597115,-0.3734946,-0.5629252,-0.4845726,-0.4444007,-0.1671741,-0.2617781,-0.650715,70.62,69.91,70.4,70.21,69.5,69.23,68.95,71.04
"2020-02-23 00:15:00",5516,0,5,0,22.19,28.23,"NAN",2.825,252.7,16.11,0,0,-0.7089933,-0.49966,-0.6712827,-0.5990161,-0.5178717,-0.2828218,-0.3210173,-0.7562388,71.89,70.95,71.63,71.36,70.27,69.79,69.35,72.26
"2020-02-23 00:20:00",5517,0,5,0,19.72,23.59,"NAN",3.251,256.3,21.16,0,0,-0.7053658,-0.4993491,-0.67597,-0.6053237,-0.4868254,-0.2602769,-0.3243207,-0.7760369,70.66,69.9,70.41,70.25,69.46,69.3,69.01,71.13
"2020-02-23 00:25:00",5518,0,5,0,16.3,19.74,"NAN",3.18,256.3,21.35,0,0,-0.7407371,-0.5392123,-0.7176296,-0.646562,-0.5365646,-0.3056231,-0.357708,-0.7998044,71.28,70.33,70.93,70.7,69.87,69.63,69.29,71.64
"2020-02-23 00:30:00",5519,0,5,0,19.16,24.12,"NAN",2.542,258.3,28.34,0,0,-0.6872976,-0.5121217,-0.6867199,-0.6180468,-0.5562599,-0.3174718,-0.3859564,-0.7266006,72.25,71.17,71.91,71.59,70.74,70.37,70,72.62
"2020-02-23 00:35:00",5520,0,5,0,21.54,25.72,"NAN",2.888,257,20.64,0,0,-0.7455823,-0.5683278,-0.7504603,-0.6832947,-0.6077496,-0.3729526,-0.4273313,-0.7936373,72.02,71.07,71.77,71.44,70.65,70.31,69.93,72.39
"2020-02-23 00:40:00",5521,0,5,0,16.97,21.14,"NAN",2.28,256.4,23.28,0,0,-0.9715691,-0.6897863,-0.9296023,-0.8308333,-0.6975581,-0.4520409,-0.487801,-1.04309,73.13,71.77,72.72,72.38,71.23,70.93,70.62,73.53
"2020-02-23 00:45:00",5522,0,5,0,18.26,21.87,"NAN",2.708,262.6,20.52,0,0,-1.033979,-0.7810356,-0.9976831,-0.8956344,-0.7855235,-0.5232992,-0.5651168,-1.102151,73.32,72.02,72.92,72.49,71.54,71.13,70.71,73.75
"2020-02-23 00:50:00",5523,0,5,0,20.23,23.56,"NAN",3.181,257.3,23.46,0,0,-1.014452,-0.7390952,-0.9641752,-0.8640164,-0.7367342,-0.4896768,-0.5569597,-1.073303,72.89,71.71,72.5,72.1,71.08,70.8,70.5,73.23
"2020-02-23 00:55:00",5524,0,5,0,19.92,23.73,"NAN",2.921,256,18.28,0,0,-1.02663,-0.7798814,-0.993369,-0.8991545,-0.7927348,-0.5567079,-0.6165052,-1.091939,73.91,72.69,73.6,73.24,72.16,71.79,71.4,74.27
"2020-02-23 01:00:00",5525,0,5,0,21.25,25.61,"NAN",2.666,256.3,20.11,0,0,-1.177377,-0.9131184,-1.151922,-1.040832,-0.9104778,-0.6661918,-0.7166415,-1.246053,74.13,72.77,73.75,73.33,72.05,71.71,71.38,74.67
"2020-02-23 01:05:00",5526,0,5,0,19.46,25.2,"NAN",3.331,259,18.67,0,0,-0.9486725,-0.7493017,-0.9305896,-0.8541573,-0.7528534,-0.5400888,-0.6315946,-1.037986,72.66,71.96,72.47,72.29,71.51,71.28,71.01,73.01
"2020-02-23 01:10:00",5527,0,5,0,19.8,24.94,"NAN",2.661,247.3,22.92,0,0,-1.002,-0.8044581,-0.9796972,-0.8945203,-0.8365129,-0.5927321,-0.6723119,-1.061904,74.02,72.86,73.82,73.36,72.32,71.89,71.43,74.37
"2020-02-23 01:15:00",5528,0,5,0,23.75,28.06,"NAN",2.933,257,18.61,0,0,-1.212268,-0.9573795,-1.193996,-1.081305,-0.9481627,-0.6659253,-0.729059,-1.281133,73.29,72.43,73.04,72.78,72.02,71.77,71.53,73.73
"2020-02-23 01:20:00",5529,0,5,0,19.73,25.63,"NAN",3.074,252.8,17.37,0,0,-1.010486,-0.8219883,-1.019945,-0.9378534,-0.865795,-0.6645195,-0.7477086,-1.072243,73.05,72.32,72.94,72.64,71.98,71.64,71.27,73.37
"2020-02-23 01:25:00",5530,0,5,0,20.97,24.68,"NAN",3.088,253.3,23.54,0,0,-1.040092,-0.8560666,-1.041128,-0.9381568,-0.8813516,-0.6405916,-0.6945011,-1.117069,73.06,72.11,72.69,72.39,71.58,71.27,70.93,73.49
"2020-02-23 01:30:00",5531,0,5,0,24.67,29.04,"NAN",3.089,257.6,21.3,0,0,-1.166529,-1.026782,-1.163855,-1.113577,-1.036527,-0.7883334,-0.831471,-1.244011,73.38,72.7,73.12,73.03,72.29,72.06,71.82,73.82
"2020-02-23 01:35:00",5532,0,5,0,20.66,27.43,"NAN",2.989,254,18.48,0,0,-1.156192,-0.9671742,-1.131059,-1.074291,-0.9713634,-0.7434053,-0.8559381,-1.203705,73.81,72.9,73.54,73.33,72.33,72,71.6,74.05
"2020-02-23 01:40:00",5533,0,5,0,21.95,27.07,"NAN",2.397,254.2,20.5,0,0,-1.484373,-1.202731,-1.423656,-1.325663,-1.197193,-0.9845946,-1.013375,-1.555414,74.69,73.81,74.41,74.17,73.35,73.01,72.52,75.06
"2020-02-23 01:45:00",5534,0,5,0,24.3,27.58,"NAN",2.847,257.3,19.5,0,0,-1.531739,-1.266389,-1.48502,-1.382082,-1.246704,-0.9809151,-1.022622,-1.625467,75.34,73.88,74.85,74.3,73.13,72.69,72.35,75.85
"2020-02-23 01:50:00",5535,0,5,0,20.92,26.57,"NAN",2.908,257.1,19.83,0,0,-1.33401,-1.133673,-1.311152,-1.240651,-1.146936,-0.887104,-0.9346632,-1.409863,74.79,73.95,74.6,74.43,73.4,72.84,72.43,75.12
"2020-02-23 01:55:00",5536,0,5,0,19.19,24.65,"NAN",2.669,254.8,21.71,0,0,-1.489285,-1.240103,-1.438802,-1.356856,-1.248042,-0.972232,-1.007872,-1.593362,74.81,73.71,74.38,74.05,73.26,72.88,72.64,75.44
"2020-02-23 02:00:00",5537,0,5,0,21.03,25.35,"NAN",2.467,256.5,19.25,0,0,-1.553028,-1.284461,-1.500504,-1.415276,-1.287316,-1.04375,-1.088623,-1.640648,75.61,74.37,75.15,74.83,73.88,73.59,73.18,75.96
"2020-02-23 02:05:00",5538,0,5,0,20.08,25.65,"NAN",3.066,254.5,19.59,0,0,-1.393356,-1.153942,-1.349427,-1.262573,-1.175039,-0.9614815,-1.012246,-1.489461,75.36,74.23,75,74.6,73.78,73.53,73.27,75.78
"2020-02-23 02:10:00",5539,0,5,0,19.75,25.71,"NAN",2.577,254.7,24.11,0,0,-1.392636,-1.176026,-1.3634,-1.280423,-1.193885,-0.9740341,-1.036678,-1.457138,76.16,75.27,75.97,75.69,74.76,74.37,73.93,76.42
"2020-02-23 02:15:00",5540,0,5,0,22.28,26.07,"NAN",2.557,248.2,24.1,0,0,-1.574146,-1.350598,-1.548204,-1.470693,-1.329978,-1.076992,-1.106932,-1.633604,76.32,75.28,76.04,75.7,74.66,74.41,74.03,76.63
"2020-02-23 02:20:00",5541,0,5,0,20.89,24.6,"NAN",2.316,253.9,21.61,0,0,-1.46648,-1.235121,-1.450209,-1.360037,-1.256871,-1.014399,-1.056094,-1.535441,76.27,75.15,75.87,75.5,74.75,74.61,74.31,76.68
"2020-02-23 02:25:00",5542,0,5,0,21.64,27.72,"NAN",2.375,250.4,21.58,0,0,-1.704196,-1.344912,-1.632188,-1.505266,-1.356834,-1.102054,-1.148263,-1.785233,77.35,76,76.94,76.51,75.48,75.12,74.67,77.65
"2020-02-23 02:30:00",5543,0,5,0,21.38,27.17,"NAN",2.614,251.7,16.02,0,0,-1.606462,-1.293012,-1.570551,-1.435273,-1.302168,-1.061055,-1.101548,-1.676117,77.51,76.24,77.53,76.97,75.67,75.41,74.98,77.65
"2020-02-23 02:35:00",5544,0,5,0,20.76,24.47,"NAN",2.378,254.2,24.29,0,0,-1.835267,-1.47595,-1.745621,-1.615041,-1.440663,-1.147876,-1.16572,-1.937788,78.48,77.12,78.17,77.65,76.31,75.76,75.19,78.69
"2020-02-23 02:40:00",5545,0,5,0,22.14,27.48,"NAN",2.176,257.1,19.54,0,0,-1.804513,-1.442135,-1.734855,-1.572338,-1.424023,-1.174357,-1.187088,-1.89296,78.14,77.07,77.99,77.49,76.6,76.15,75.88,78.47
"2020-02-23 02:45:00",5546,0,5,0,21.61,26.87,"NAN",2.363,254.2,21.01,0,0,-1.861845,-1.502865,-1.765274,-1.650523,-1.498966,-1.219337,-1.253824,-1.98959,78.09,76.95,77.66,77.36,76.46,76.12,75.78,78.55
"2020-02-23 02:50:00",5547,0,5,0,20.69,24.17,"NAN",2.641,254.8,22.81,0,0,-1.640812,-1.371543,-1.584785,-1.485479,-1.399482,-1.122447,-1.174274,-1.722979,77.03,76.6,77.05,76.84,76.3,75.99,75.58,77.33
"2020-02-23 02:55:00",5548,0,5,0,24.36,31.56,"NAN",2.152,255.6,19.72,0,0,-1.760066,-1.486953,-1.713069,-1.610136,-1.487598,-1.217493,-1.252241,-1.82562,78.53,77.47,78.21,77.87,77.04,76.74,76.3,78.68
"2020-02-23 03:00:00",5549,0,5,0,23.4,30.77,"NAN",2.128,253,19.96,0,0,-1.882847,-1.498876,-1.816069,-1.6544,-1.466808,-1.224032,-1.265413,-1.979868,78.69,77.59,78.51,78.07,77.03,76.77,76.39,79.09
"2020-02-23 03:05:00",5550,0,5,0,22.49,27.52,"NAN",1.944,252.2,18.88,0,0,-1.952487,-1.576093,-1.87619,-1.724196,-1.530521,-1.26788,-1.295794,-2.086303,78.68,77.86,78.57,78.33,77.36,77.1,76.76,78.92
"2020-02-23 03:10:00",5551,0,5,0,22.1,26.71,"NAN",1.785,249.1,23.65,0,0,-2.046675,-1.651655,-1.97659,-1.821109,-1.618656,-1.332149,-1.3564,-2.188182,79.66,78.48,79.44,79.04,78,77.43,76.85,79.99
"2020-02-23 03:15:00",5552,0,5,0,21.91,25.76,"NAN",1.6,247.4,19.57,0,0,-2.141384,-1.763076,-2.040343,-1.910322,-1.717637,-1.461902,-1.471448,-2.238356,79.79,79.06,79.7,79.42,78.5,78.04,77.63,79.99
"2020-02-23 03:20:00",5553,0,5,0,20.75,25.24,"NAN",1.48,249.1,16.38,0,0,-2.492014,-1.994778,-2.318208,-2.150059,-1.942213,-1.646715,-1.632347,-2.643444,82,80.2,81.4,80.7,79.37,78.81,78.19,82.3
"2020-02-23 03:25:00",5554,0,5,0,21.94,26.59,"NAN",1.573,253.1,25.3,0,0,-2.621442,-2.059819,-2.441199,-2.232292,-2.034273,-1.735084,-1.724475,-2.804718,82.3,80.1,81.3,80.7,79.48,78.96,78.44,82.6
"2020-02-23 03:30:00",5555,0,5,0,24.28,28.76,"NAN",1.458,256.9,18.73,0,0,-2.566924,-2.089618,-2.408059,-2.229157,-2.053871,-1.792132,-1.797427,-2.730861,80.6,79.64,80.6,80,79.28,79.05,78.57,80.8
"2020-02-23 03:35:00",5556,0,5,0,21.52,26.59,"NAN",1.595,259.5,17.31,0,0,-2.588843,-2.097806,-2.457669,-2.271352,-2.037641,-1.786847,-1.818465,-2.793579,81.3,79.99,81.1,80.6,79.43,79.17,78.72,81.6
"2020-02-23 03:40:00",5557,0,5,0,20.97,24.83,"NAN",1.611,254.9,23.61,0,0,-2.603023,-2.155279,-2.456805,-2.286318,-2.089768,-1.831438,-1.867108,-2.741235,80.2,79.67,80.2,79.91,79.23,78.96,78.67,80.4
"2020-02-23 03:45:00",5558,0,5,0,21.64,24.21,"NAN",1.609,256.5,26.19,0,0,-2.676699,-2.258429,-2.55873,-2.421282,-2.20632,-1.943659,-1.980507,-2.803792,81.5,79.98,81.1,80.6,79.28,78.92,78.61,81.7
"2020-02-23 03:50:00",5559,0,5,0,20.01,25.3,"NAN",1.494,262.8,26.42,0,0,-2.428744,-2.084498,-2.356419,-2.220196,-2.086019,-1.873976,-1.956495,-2.575817,80.2,79.15,79.87,79.64,78.79,78.58,78.37,80.5
"2020-02-23 03:55:00",5560,0,5,0,18.46,22.33,"NAN",1.485,263.5,22.13,0,0,-2.535899,-2.179266,-2.47453,-2.32075,-2.190092,-1.959332,-2.026839,-2.648705,80.7,79.45,80.1,79.79,79.17,79.01,78.76,80.8
"2020-02-23 04:00:00",5561,0,5,0,22.48,25.17,"NAN",1.426,260.5,21.84,0,0,-2.599867,-2.290897,-2.548411,-2.414083,-2.284616,-2.027578,-2.084433,-2.71205,80.9,79.94,80.7,80.3,79.4,79.08,78.86,81.1
"2020-02-23 04:05:00",5562,0,5,0,16.83,21.77,"NAN",1.574,261.4,24.74,0,0,-2.60368,-2.291727,-2.545983,-2.419132,-2.27887,-2.039775,-2.095722,-2.711969,79.97,79.45,79.84,79.6,79.07,78.86,78.66,79.89
"2020-02-23 04:10:00",5563,0,5,0,16.75,20,"NAN",1.323,262.3,19.49,0,0,-2.830883,-2.451233,-2.734972,-2.603049,-2.452687,-2.199941,-2.253741,-2.934315,81.8,80.4,81.3,80.8,79.97,79.73,79.44,82
"2020-02-23 04:15:00",5564,0,5,0,23.03,25.74,"NAN",1.591,261.7,20.95,0,0,-2.942136,-2.570386,-2.844441,-2.709795,-2.560462,-2.298099,-2.349344,-3.054076,80.8,80.8,80.9,80.8,80.4,79.99,79.63,80.6
"2020-02-23 04:20:00",5565,0,5,0,23.92,27.29,"NAN",1.224,260.5,23.74,0,0,-3.039649,-2.620939,-2.916149,-2.75113,-2.599991,-2.352597,-2.403113,-3.154123,83.4,81.5,82.8,82.1,80.9,80.5,80.1,83.6
"2020-02-23 04:25:00",5566,0,5,0,22.71,25.52,"NAN",1.646,265.6,18.45,0,0,-2.87037,-2.523626,-2.7695,-2.634331,-2.519951,-2.31974,-2.416538,-2.967985,81.8,80.5,81,80.7,80.2,79.99,79.68,82
"2020-02-23 04:30:00",5567,0,5,0,21.16,25.17,"NAN",1.529,257.5,21.41,0,0,-3.011099,-2.565727,-2.865391,-2.702417,-2.529127,-2.310123,-2.368345,-3.152956,82,80.5,81.3,80.9,80.3,79.86,79.61,82.4
"2020-02-23 04:35:00",5568,0,5,0,22.5,26.24,"NAN",1.491,265.5,18.93,0,0,-3.271491,-2.694032,-3.079318,-2.859951,-2.65089,-2.395486,-2.441169,-3.418515,83.1,81.3,82.5,81.9,80.7,80.4,80.1,83.2
"2020-02-23 04:40:00",5569,0,5,0,20.64,24.58,"NAN",1.637,265.2,21.42,0,0,-3.292408,-2.734515,-3.116939,-2.915936,-2.698199,-2.452584,-2.505956,-3.505597,83.5,81.4,82.6,82,80.8,80.5,80.1,83.9
"2020-02-23 04:45:00",5570,0,5,0,22.04,26.97,"NAN",1.294,262,20.93,0,0,-3.202839,-2.732711,-3.055552,-2.880105,-2.711884,-2.467461,-2.523105,-3.368145,82.4,81.4,82.2,81.8,80.9,80.5,80.1,82.5
"2020-02-23 04:50:00",5571,0,5,0,21.89,26.18,"NAN",1.312,274.4,25.91,0,0,-3.324417,-2.832742,-3.180729,-2.977924,-2.785103,-2.558407,-2.636723,-3.487484,82.8,81.3,82.3,81.6,80.7,80.5,80.3,83
"2020-02-23 04:55:00",5572,0,5,0,18.76,22.69,"NAN",1.362,272.7,27.48,0,0,-3.102938,-2.712776,-3.019397,-2.861802,-2.711648,-2.477859,-2.563519,-3.262376,82.7,81,82.1,81.6,80.5,80.2,79.96,83
"2020-02-23 05:00:00",5573,0,5,0,18.25,23.69,"NAN",1.019,263.8,26.08,0,0,-3.018209,-2.71008,-2.941002,-2.818183,-2.730701,-2.502539,-2.580457,-3.15893,81.8,80.7,81.4,81,80.2,80,79.76,82.1
"2020-02-23 05:05:00",5574,0,5,0,23.64,27.97,"NAN",1.472,271.9,22.36,0,0,-2.907097,-2.647182,-2.857077,-2.740101,-2.6826,-2.490906,-2.587665,-3.023271,80.5,80.1,80.5,80.2,79.87,79.69,79.45,80.7
"2020-02-23 05:10:00",5575,0,5,0,20.94,25.92,"NAN",1.588,274.8,14.73,0,0,-2.981526,-2.681981,-2.900144,-2.785533,-2.706907,-2.479057,-2.577628,-3.061901,81.3,80.3,81.1,80.6,79.86,79.6,79.38,81.4
"2020-02-23 05:15:00",5576,0,5,0,22.84,26.99,"NAN",1.489,267.5,21.68,0,0,-3.081018,-2.76279,-3.017649,-2.889513,-2.750184,-2.523962,-2.618272,-3.168879,80.4,80.7,81,80.9,80.2,79.87,79.57,80.1
"2020-02-23 05:20:00",5577,0,5,0,23.2,26.74,"NAN",1.328,267.5,21.28,0,0,-3.36365,-2.933178,-3.259984,-3.095229,-2.871711,-2.588842,-2.631148,-3.507258,84.1,82,83.4,82.7,81.1,80.7,80.1,84.2
"2020-02-23 05:25:00",5578,0,5,0,21.19,26.01,"NAN",1.441,262.3,22.05,0,0,-3.184577,-2.737503,-3.061864,-2.875546,-2.735448,-2.506068,-2.573861,-3.343907,82.7,80.4,81.9,80.9,80.2,79.95,79.87,83.2
"2020-02-23 05:30:00",5579,0,5,0,20.44,24.04,"NAN",1.393,270.5,22.5,0,0,-3.151386,-2.743804,-3.042298,-2.868066,-2.701716,-2.4749,-2.545378,-3.248839,82.5,81.2,82.2,81.7,80.8,80.6,80.3,82.6
"2020-02-23 05:35:00",5580,0,5,0,21.39,25.26,"NAN",1.565,263.7,15.43,0,0,-3.182372,-2.738693,-3.037048,-2.86295,-2.719491,-2.481069,-2.564959,-3.345542,81,81,81.1,81.1,80.8,80.6,80.4,81.1
"2020-02-23 05:40:00",5581,0,5,0,22.58,26.31,"NAN",1.684,259.4,13.88,0,0,-3.539249,-2.870384,-3.299173,-3.06518,-2.798824,-2.527803,-2.586421,-3.753833,84,81.9,83.2,82.4,81.5,81.1,80.7,84.1
"2020-02-23 05:45:00",5582,0,5,0,24.14,27.24,"NAN",1.327,260.4,15.34,0,0,-3.529775,-2.945217,-3.315625,-3.15668,-2.855037,-2.576881,-2.60175,-3.749367,83.6,82.6,83.1,82.9,81.8,81.5,81.1,83.9
"2020-02-23 05:50:00",5583,0,5,0,20.81,27.12,"NAN",1.095,262.4,19.32,0,0,-3.626927,-3.024486,-3.435091,-3.202923,-2.990286,-2.714274,-2.703643,-3.820939,85.2,83.5,84.5,83.9,82.9,82.5,81.9,85.3
"2020-02-23 05:55:00",5584,0,5,0,21.05,26.34,"NAN",1.211,256.8,32.76,0,0,-3.621173,-3.047973,-3.457764,-3.233093,-3.010094,-2.732684,-2.760375,-3.773464,84.8,83.1,84.3,83.7,82.6,82.1,81.4,84.7
"2020-02-23 06:00:00",5585,0,5,0,20.98,24.92,"NAN",1.442,263.1,27.16,0,0,-3.553992,-3.071054,-3.410164,-3.240628,-3.04461,-2.78128,-2.801554,-3.712574,85.1,83.4,84.6,83.9,82.9,82.4,81.9,85.1
"2020-02-23 06:05:00",5586,0,5,0,19.41,22.74,"NAN",1.11,259.6,20.03,0,0,-3.558691,-3.099937,-3.412972,-3.265742,-3.06453,-2.804768,-2.822124,-3.719734,83.4,83.1,83.4,83.4,82.6,82.3,81.8,83.4
"2020-02-23 06:10:00",5587,0,5,0,21.56,24.99,"NAN",1.284,261.6,18.77,0,0,-3.813006,-3.245848,-3.625765,-3.435262,-3.129003,-2.869702,-2.889074,-4.011962,85.7,83.6,85.1,84.4,82.6,82.2,81.8,85.7
"2020-02-23 06:15:00",5588,0,5,0,20.21,26.12,"NAN",1.12,265.4,21.16,0,0,-3.680258,-3.172073,-3.512086,-3.333223,-3.114831,-2.862679,-2.884851,-3.879366,85,83.5,84.5,83.9,82.8,82.3,81.7,85
"2020-02-23 06:20:00",5589,0,5,0,14.56,19.7,"NAN",1.043,271.2,22.04,0,0,-3.543378,-3.04408,-3.401858,-3.2132,-3.01517,-2.783625,-2.822333,-3.728787,84.2,82.5,83.7,83.2,81.8,81.6,81.1,84.5
"2020-02-23 06:25:00",5590,0,5,0,20.64,24.03,"NAN",0.938,271.4,25.75,0,0,-3.547033,-3.06073,-3.413664,-3.231033,-3.027021,-2.795058,-2.850647,-3.713347,83.6,82.7,83.6,83.2,81.9,81.8,81.3,83.5
"2020-02-23 06:30:00",5591,0,5,0,19.4,25.84,"NAN",1.418,273.1,20.33,0,0,-3.3663,-2.932403,-3.253421,-3.09201,-2.943044,-2.730759,-2.791223,-3.536217,82.5,81.3,82.1,81.7,81.1,81,80.8,82.6
"2020-02-23 06:35:00",5592,0,5,0,17.72,22.83,"NAN",1.87,272,21.24,0,0,-3.265888,-2.857808,-3.159493,-2.988008,-2.848142,-2.611265,-2.667258,-3.389009,82.5,81.3,82.3,81.7,80.9,80.7,80.4,82.8
"2020-02-23 06:40:00",5593,0,5,0,21.44,27.18,"NAN",1.529,270.4,22.27,0,0,-3.189814,-2.837326,-3.081433,-2.945842,-2.826525,-2.604734,-2.666426,-3.295791,81.9,81.3,81.8,81.6,81,80.8,80.5,81.8
"2020-02-23 06:45:00",5594,0,5,0,22.92,26.01,"NAN",1.681,271.1,22.34,0,0,-3.284116,-2.862196,-3.150896,-3.005088,-2.828996,-2.586299,-2.635747,-3.397325,83.2,81.6,82.4,81.9,81.1,80.9,80.6,83.3
"2020-02-23 06:50:00",5595,0,5,0,23.3,27.93,"NAN",1.574,264.8,22.13,0,0,-3.038841,-2.770443,-2.985529,-2.894973,-2.746349,-2.51874,-2.571503,-3.149278,82.1,81.5,81.7,81.6,81,80.8,80.5,82.1
"2020-02-23 06:55:00",5596,0,5,0,19.47,23.7,"NAN",2.039,258.1,25.89,0,0,-3.011813,-2.718704,-2.943265,-2.843354,-2.711319,-2.517088,-2.574289,-3.120851,82.2,81.1,81.8,81.5,80.6,80.5,80.4,82.3
"2020-02-23 07:00:00",5597,0,5,0,19.4,24.31,"NAN",2.12,263.9,18.29,0,0,-3.061753,-2.714245,-2.963941,-2.835233,-2.697225,-2.461507,-2.515055,-3.159158,81.8,81.1,81.4,81.4,80.8,80.7,80.5,81.8
"2020-02-23 07:05:00",5598,0,5,0,19.31,25.33,"NAN",2.29,262.5,18.62,0,0,-3.16803,-2.794763,-3.078207,-2.921207,-2.739308,-2.482301,-2.49775,-3.259381,82.1,81.5,82,81.7,81.1,80.7,80.4,81.8
"2020-02-23 07:10:00",5599,0,5,0,19.29,24.43,"NAN",1.936,268.3,19.65,0,0,-3.203485,-2.792088,-3.10788,-2.944904,-2.766009,-2.517221,-2.529259,-3.324237,83.1,81.8,82.8,82.4,81.1,80.8,80.5,83.1
"2020-02-23 07:15:00",5600,0,5,0,19.54,23.72,"NAN",2.004,264.4,12.92,0,0,-3.217526,-2.786743,-3.107919,-2.956071,-2.752719,-2.510654,-2.550733,-3.374859,82.5,81.3,82.1,81.7,80.9,80.6,80.4,82.7
"2020-02-23 07:20:00",5601,0,5,0,19.94,24.84,"NAN",1.763,264,17.96,0,0,-3.155321,-2.756038,-3.041393,-2.908948,-2.69143,-2.469078,-2.532113,-3.282901,83.8,82,83.2,82.5,81.4,81.1,80.7,83.9
"2020-02-23 07:25:00",5602,0,5,0,18.22,24.4,"NAN",1.984,265.9,16.22,0,0,-3.165002,-2.746052,-3.083709,-2.915194,-2.703891,-2.464325,-2.530992,-3.309124,81.1,81.1,81.7,81.5,80.7,80.5,80.3,81
"2020-02-23 07:30:00",5603,0,5,0,23.4,26.73,"NAN",1.538,251.9,18.55,0,0,-3.383562,-2.880916,-3.23564,-3.055154,-2.83133,-2.565446,-2.63321,-3.551155,82.8,82.1,82.8,82.6,81.5,81,80.7,82.5
"2020-02-23 07:35:00",5604,0,5,0,22.18,25.94,"NAN",1.752,259.1,18.81,0,0,-3.323085,-2.9151,-3.197141,-3.060704,-2.923628,-2.693969,-2.766253,-3.491333,81.8,80.6,81.2,80.9,80.2,80.1,80,82.2
"2020-02-23 07:40:00",5605,0,5,0,19.48,23.97,"NAN",1.724,259.8,25.69,0,0,-3.336051,-3.024937,-3.227582,-3.114364,-3.046381,-2.838361,-2.91951,-3.432667,82.3,81.2,81.7,81.4,80.7,80.5,80.2,82.6
"2020-02-23 07:45:00",5606,0,5,0,19.71,23.89,"NAN",2.132,262.2,23.24,0,0,-3.236849,-3.003422,-3.19411,-3.099883,-3.066163,-2.871653,-2.959841,-3.328351,81.4,80.5,81,80.7,80.2,80.1,79.93,81.6
"2020-02-23 07:50:00",5607,0,5,0,22.08,25.92,"NAN",1.807,270.6,28.54,0,0,-3.388793,-3.143208,-3.333719,-3.240521,-3.189402,-2.995822,-3.075621,-3.441798,81.3,80.7,81.1,80.9,80.4,80.3,80.2,81.2
"2020-02-23 07:55:00",5608,0,5,0,17.41,21.33,"NAN",1.967,270.7,20.3,0,0,-3.505989,-3.2274,-3.435504,-3.342451,-3.272558,-3.077815,-3.160405,-3.559079,82,81,81.7,81.5,80.7,80.6,80.4,82
"2020-02-23 08:00:00",5609,0,5,0,20.32,23.08,"NAN",1.939,265.6,22.78,0,0,-3.647288,-3.328845,-3.567804,-3.453243,-3.343189,-3.131603,-3.22074,-3.720194,82.4,81.4,82.1,81.7,81,80.7,80.5,82.4
"2020-02-23 08:05:00",5610,0,5,0,17.76,24.43,"NAN",2.006,267.1,22.17,0,0,-3.601903,-3.314883,-3.546632,-3.416482,-3.32276,-3.124949,-3.223675,-3.698108,82.9,81.4,82.2,81.8,81.1,81,80.8,83
"2020-02-23 08:10:00",5611,0,5,0,18.83,26.01,"NAN",1.642,263.8,23.22,0,0,-3.489173,-3.233126,-3.438456,-3.343534,-3.281632,-3.058791,-3.155792,-3.549813,82.6,81.4,82.2,81.8,81,80.8,80.7,82.5
"2020-02-23 08:15:00",5612,0,5,0,25,28.38,"NAN",1.564,262.2,21.25,0,0,-3.475586,-3.220958,-3.434628,-3.329864,-3.258027,-3.055493,-3.161462,-3.522095,82.4,81.7,82.3,82,81.4,81.2,81,82.3
"2020-02-23 08:20:00",5613,0,5,0,19.23,24.73,"NAN",1.518,261.6,32.25,0,0,-3.519446,-3.33425,-3.501622,-3.41741,-3.369248,-3.145494,-3.249246,-3.549464,81.5,81.5,81.6,81.6,81.3,81.3,81.3,81.4
"2020-02-23 08:25:00",5614,0,5,0,19.86,23.86,"NAN",1.761,264.5,20.74,0,0,-3.570431,-3.364418,-3.55066,-3.4571,-3.397786,-3.19117,-3.283995,-3.609748,80.6,81.7,81.3,81.7,81.7,81.6,81.5,80.2
"2020-02-23 08:30:00",5615,0,5,0,21.12,24.56,"NAN",1.716,268.5,17.89,0,0,-3.73571,-3.438892,-3.679971,-3.547536,-3.475422,-3.268806,-3.334876,-3.818759,82.2,82.3,82.5,82.5,82.2,82.1,81.9,82
"2020-02-23 08:35:00",5616,0,5,0,23.99,27.9,"NAN",1.993,270.3,18.29,0,0,-3.878,-3.500325,-3.741669,-3.600934,-3.51133,-3.320118,-3.423776,-3.987095,83.6,82.8,83.1,82.9,82.6,82.5,82.3,83.5
"2020-02-23 08:40:00",5617,0,5,0,19.89,23.49,"NAN",2.374,266.2,24.38,0,0,-3.848945,-3.567153,-3.777024,-3.661961,-3.583793,-3.377051,-3.505633,-3.909467,83.7,83,83.4,83.2,82.7,82.7,82.8,83.5
"2020-02-23 08:45:00",5618,0,5,0,19.73,23.59,"NAN",2.174,274.3,18.9,0,0,-3.786637,-3.57006,-3.757112,-3.666171,-3.569677,-3.364771,-3.423256,-3.860273,84,83.3,83.8,83.6,82.9,82.7,82.5,84
"2020-02-23 08:50:00",5619,0,5,0,20.47,24.68,"NAN",1.896,267.5,23.15,0,0,-3.816382,-3.56199,-3.784527,-3.686583,-3.560709,-3.336492,-3.401767,-3.892728,83.9,82.9,83.5,83.2,82.5,82.4,82.3,83.9
"2020-02-23 08:55:00",5620,0,5,0,17.93,23.06,"NAN",2.246,271,25.3,0,0,-3.727187,-3.468964,-3.694741,-3.576592,-3.507611,-3.29328,-3.368492,-3.763111,82.8,82.6,82.9,82.7,82.5,82.4,82.2,82.6
"2020-02-23 09:00:00",5621,0,5,0,21.29,25.54,"NAN",2.149,272.3,24.7,0,0,-3.641483,-3.38829,-3.606999,-3.49388,-3.41876,-3.221837,-3.305946,-3.695212,83,82.4,82.7,82.6,82.1,82,81.8,82.9
"2020-02-23 09:05:00",5622,0,5,0,22.58,27.05,"NAN",2.189,273.1,25.3,0,0,-3.484573,-3.295356,-3.464192,-3.389493,-3.308915,-3.112748,-3.223554,-3.53719,81.5,81.3,81.4,81.2,81.1,81.1,81.2,81.4
"2020-02-23 09:10:00",5623,0,5,0,19.54,22.92,"NAN",2.515,276,19.94,0,0,-3.433504,-3.231213,-3.427186,-3.339493,-3.260508,-3.036889,-3.136006,-3.495821,82.3,81.5,82,81.8,81,80.9,80.8,82.3
"2020-02-23 09:15:00",5624,0,5,0,22.26,26.81,"NAN",2.335,273.7,26.34,0,0,-3.478906,-3.210768,-3.411981,-3.310792,-3.209546,-2.9953,-3.048791,-3.549354,83,81.7,82.5,82,81.2,81,80.6,83.2
"2020-02-23 09:20:00",5625,0,5,0,20.25,24.3,"NAN",2.498,267.2,21.03,0,0,-3.306266,-3.058494,-3.258494,-3.159972,-3.084111,-2.882087,-2.992211,-3.380386,80.9,80.2,80.7,80.4,80,79.88,79.76,81
"2020-02-23 09:25:00",5626,0,5,0,19.72,25.48,"NAN",1.825,260.1,21.17,0,0,-3.35984,-3.169739,-3.332981,-3.269974,-3.197752,-2.990745,-3.112804,-3.390801,81.8,81.1,81.7,81.5,80.8,80.8,80.6,81.7
"2020-02-23 09:30:00",5627,0,5,0,24.59,28.3,"NAN",1.892,265.9,15.76,0,0,-3.70233,-3.359795,-3.590624,-3.470378,-3.354829,-3.118683,-3.178844,-3.831971,83.6,82,82.9,82.4,81.5,81.1,80.8,83.9
"2020-02-23 09:35:00",5628,0,5,0,22.89,29.48,"NAN",2.762,268.5,18.92,0,0,-3.397885,-3.114926,-3.341155,-3.220779,-3.123583,-2.904321,-2.972864,-3.529619,80.2,79.89,80.2,80.2,79.78,79.6,79.4,80.5
"2020-02-23 09:40:00",5629,0,5,0,15.81,19.83,"NAN",2.312,264.8,22.11,0,0,-3.292275,-3.013043,-3.250029,-3.112747,-3.015984,-2.792502,-2.832315,-3.379392,80.8,79.85,80.5,80.1,79.43,79.24,78.92,80.7
"2020-02-23 09:45:00",5630,0,5,0,20.79,25.31,"NAN",2.395,267.5,19.95,0,0,-3.47832,-3.180449,-3.431119,-3.298108,-3.143913,-2.910604,-2.955416,-3.544158,81.2,80.4,81,80.7,79.96,79.7,79.15,81.2
"2020-02-23 09:50:00",5631,0,5,0,19.91,24.73,"NAN",1.968,259.4,25.11,0,0,-3.419413,-3.109955,-3.371503,-3.242561,-3.104285,-2.884879,-2.944995,-3.489079,80.5,79.4,80.3,79.78,79.07,78.88,78.63,80.6
"2020-02-23 09:55:00",5632,0,5,0,20.32,23.41,"NAN",1.801,266,18.96,0,0,-3.598723,-3.246838,-3.518021,-3.373509,-3.257501,-3.027739,-3.074371,-3.671747,80.7,80.2,80.8,80.5,79.65,79.5,79.13,80.5
"2020-02-23 10:00:00",5633,0,5,0,23.26,28.45,"NAN",1.598,259.4,15.19,0,0,-4.015944,-3.447261,-3.813164,-3.606786,-3.413848,-3.151648,-3.209462,-4.179849,82.8,81.1,82.3,81.5,80.5,80,79.67,83.3
"2020-02-23 10:05:00",5634,0,5,0,25.94,30.15,"NAN",2.017,265.4,24.8,0,0,-4.014419,-3.460336,-3.846863,-3.644859,-3.44082,-3.199405,-3.258771,-4.170455,82.5,80.1,81.4,80.7,79.67,79.34,79.01,82.9
"2020-02-23 10:10:00",5635,0,5,0,20.43,26.22,"NAN",2.323,258.3,23.31,0,0,-3.603397,-3.359273,-3.586883,-3.480807,-3.398731,-3.177128,-3.277403,-3.688393,79.73,78.98,79.48,79.21,78.83,78.65,78.52,79.94
"2020-02-23 10:15:00",5636,0,5,0,20.95,23.35,"NAN",1.795,259.1,19.42,0,0,-3.5911,-3.371904,-3.550422,-3.465775,-3.393958,-3.18713,-3.277488,-3.661889,79.94,80.1,80.4,80.4,79.76,79.47,79.12,80.1
"2020-02-23 10:20:00",5637,0,5,0,19.51,23.72,"NAN",1.35,254.1,28.61,0,0,-4.077961,-3.598554,-3.915697,-3.756258,-3.58258,-3.3396,-3.391833,-4.22182,82.1,80.5,81.4,80.9,80,79.76,79.4,82.3
"2020-02-23 10:25:00",5638,0,5,0,19.19,23.85,"NAN",2.205,259.9,19.16,0,0,-3.856785,-3.470365,-3.786165,-3.626233,-3.452175,-3.242035,-3.29492,-3.995794,80.6,79.69,80.4,80.1,79.26,79.09,78.79,80.9
"2020-02-23 10:30:00",5639,0,5,0,22.82,27.84,"NAN",1.415,265.4,16.93,0,0,-3.993348,-3.527591,-3.843096,-3.672329,-3.526635,-3.307542,-3.367509,-4.117676,81.1,80.5,81.1,81,80.2,79.96,79.61,80.8
"2020-02-23 10:35:00",5640,0,5,0,20.58,24.93,"NAN",1.856,262,21.81,0,0,-4.141118,-3.60905,-4.002118,-3.798444,-3.589844,-3.353459,-3.3881,-4.313974,82.3,80.2,81.5,80.8,79.63,79.3,78.92,82.7
"2020-02-23 10:40:00",5641,0,5,0,19.81,23.39,"NAN",2.084,263.2,27.06,0,0,-3.690195,-3.372454,-3.619835,-3.498885,-3.384631,-3.161288,-3.220232,-3.782146,80.5,79.34,80.1,79.79,79.05,78.78,78.51,80.8
"2020-02-23 10:45:00",5642,0,5,0,20.33,25.75,"NAN",2.444,263.8,24.35,0,0,-3.398622,-3.236954,-3.400937,-3.329471,-3.269156,-3.072446,-3.154669,-3.441518,78.45,78.25,78.47,78.37,78,77.91,77.72,78.57
"2020-02-23 10:50:00",5643,0,5,0,24.42,30.35,"NAN",2.19,259.2,21.02,0,0,-3.62731,-3.364676,-3.581959,-3.471824,-3.395996,-3.160719,-3.239736,-3.680979,81.1,79.68,80.7,80.2,79.29,78.82,78.44,81.3
"2020-02-23 10:55:00",5644,0,5,0,21.04,25.39,"NAN",2.246,265.9,20.5,0,0,-3.766357,-3.449207,-3.70004,-3.567249,-3.449809,-3.200175,-3.287997,-3.827453,80.5,79.02,79.97,79.41,78.71,78.41,78.27,80.6
"2020-02-23 11:00:00",5645,0,5,0,25.23,30.7,"NAN",2.37,266.9,26.25,0,0,-3.717074,-3.461144,-3.670983,-3.573942,-3.465782,-3.242507,-3.322709,-3.781142,79.76,78.96,79.45,79.13,78.61,78.48,78.3,79.88
"2020-02-23 11:05:00",5646,0,5,0,25.38,29.03,"NAN",2.308,269.2,20.87,0,0,-3.636548,-3.407249,-3.621951,-3.530788,-3.438125,-3.22794,-3.307682,-3.681669,80.1,79.31,79.97,79.66,78.94,78.71,78.53,80.2
"2020-02-23 11:10:00",5647,0,5,0,20.44,26.99,"NAN",2.257,269.6,22.16,0,0,-3.642432,-3.418473,-3.619602,-3.516979,-3.448988,-3.243929,-3.328906,-3.671746,78.7,78.49,78.78,78.62,78.39,78.31,78.27,78.96
"2020-02-23 11:15:00",5648,0,5,0,22.78,26.67,"NAN",2.14,269.5,18.44,0,0,-3.900264,-3.545422,-3.826746,-3.691627,-3.576075,-3.358917,-3.436889,-3.949425,80,79.05,79.58,79.34,78.94,78.85,78.6,80.4
"2020-02-23 11:20:00",5649,0,5,0,20.25,23.15,"NAN",2.499,269.5,19.67,0,0,-3.845201,-3.591269,-3.809709,-3.67745,-3.584928,-3.360229,-3.459338,-3.922128,80.5,79.57,80.2,79.86,79.08,78.84,78.69,80.6
"2020-02-23 11:25:00",5650,0,5,0,17.65,24.3,"NAN",2.419,276.9,22.07,0,0,-3.797635,-3.549134,-3.755212,-3.659523,-3.568248,-3.357535,-3.459991,-3.844742,79.86,79.35,79.81,79.66,79.08,78.91,78.67,79.84
"2020-02-23 11:30:00",5651,0,5,0,24.33,27.43,"NAN",2.19,275.2,23.09,0.01626169,0.03922697,-3.878941,-3.628467,-3.840128,-3.743613,-3.663077,-3.432526,-3.505849,-3.939554,80.3,79.67,80.1,79.95,79.44,79.24,79.08,80.5
"2020-02-23 11:35:00",5652,0,5,0,22.12,28.48,"NAN",2.047,272.7,23.45,1.131387,0.6179864,-3.995215,-3.791597,-3.979849,-3.891271,-3.785312,-3.544715,-3.596135,-4.051015,80.5,79.89,80.3,80.2,79.51,79.33,79.11,80.5
"2020-02-23 11:40:00",5653,0,5,0,17.55,22.08,"NAN",2.095,272.4,25.62,2.593572,0.3902245,-3.891628,-3.686575,-3.866166,-3.772754,-3.680128,-3.462059,-3.562853,-3.943708,81,80.1,80.7,80.4,79.66,79.58,79.35,81.2
"2020-02-23 11:45:00",5654,0,5,0,21.57,29.47,"NAN",2.144,266.2,22.1,5.853444,1.111938,-3.87481,-3.627958,-3.849233,-3.743078,-3.633344,-3.411815,-3.501887,-3.923183,81,79.97,80.6,80.3,79.56,79.25,79.02,81
"2020-02-23 11:50:00",5655,0,5,0,23.9,29.05,"NAN",2.538,269.2,23.25,10.03956,1.478921,-4.004619,-3.714846,-3.958847,-3.830781,-3.709849,-3.469262,-3.547365,-4.069913,81,79.86,80.7,80.2,79.37,79.23,78.91,81.3
"2020-02-23 11:55:00",5656,0,5,0,20.93,26.08,"NAN",2.003,261.2,20.58,16.2787,2.036901,-3.910486,-3.651255,-3.868752,-3.771004,-3.670191,-3.453351,-3.525459,-3.98383,80.5,79.82,80.3,80.1,79.37,79.09,78.83,80.6
"2020-02-23 12:00:00",5657,0,5,0,22.34,27.34,"NAN",2.049,268.3,19.19,22.49553,1.708833,-3.887325,-3.647436,-3.854493,-3.760395,-3.655454,-3.454454,-3.540219,-3.941788,80.2,79.67,80.2,79.91,79.37,79.18,79.11,80.4
"2020-02-23 12:05:00",5658,0,5,0,26.57,29.3,"NAN",1.792,271.8,20.74,29.39356,1.974163,-3.932217,-3.625404,-3.864113,-3.740318,-3.647833,-3.451007,-3.551185,-3.999881,80.8,79.82,80.5,80.1,79.62,79.43,79.29,80.9
"2020-02-23 12:10:00",5659,0,5,0,23.59,28.38,"NAN",1.985,267.9,18.9,35.85214,1.489995,-3.946436,-3.650869,-3.896293,-3.78364,-3.637894,-3.41915,-3.495987,-4.036622,80.8,80.2,80.7,80.6,79.91,79.64,79.59,80.9
"2020-02-23 12:15:00",5660,0,5,0,23.43,28.27,"NAN",2.193,265.1,19.39,43.30998,3.458312,-3.969206,-3.603492,-3.878467,-3.75446,-3.571507,-3.328635,-3.383895,-4.061097,81.3,79.86,81,80.4,79.34,79.09,78.82,81.6
"2020-02-23 12:20:00",5661,0,5,0,28.26,34.13,"NAN",2.599,271.3,20.58,62.67788,4.534116,-3.632707,-3.34612,-3.564964,-3.468802,-3.382969,-3.177115,-3.253513,-3.683587,79.49,78.61,79.33,78.96,78.29,78.16,77.93,79.71
"2020-02-23 12:25:00",5662,0,5,0,23.71,27.85,"NAN",2.381,269.4,26.2,75.40649,3.941471,-3.449049,-3.277846,-3.453121,-3.385625,-3.3208,-3.120881,-3.207303,-3.47297,78.57,78.32,78.69,78.64,78.02,77.95,77.87,78.57
"2020-02-23 12:30:00",5663,0,5,0,23.24,28.35,"NAN",2.607,267.9,20.02,90.15432,3.87003,-3.419141,-3.258265,-3.428397,-3.344861,-3.292285,-3.08601,-3.168297,-3.464187,78.7,78.26,78.8,78.6,77.94,77.82,77.73,78.88
"2020-02-23 12:35:00",5664,0,5,0,28.36,33.02,"NAN",2.197,263,24.14,102.5943,4.389016,-3.270022,-3.10876,-3.297405,-3.205166,-3.157523,-2.952796,-3.054558,-3.286343,77.9,77.37,77.94,77.79,77.08,76.96,76.96,77.83
"2020-02-23 12:40:00",5665,0,5,0,23.02,32.44,"NAN",1.932,269.5,19.07,117.3222,3.783507,-3.247241,-3.022481,-3.233747,-3.125341,-3.083335,-2.844688,-2.980837,-3.280732,78.16,77.08,78.04,77.6,76.75,76.61,76.6,78.64
"2020-02-23 12:45:00",5666,0,5,0,21.7,26.93,"NAN",2.446,261.1,22.25,131.6719,4.168113,-2.904048,-2.822166,-2.951792,-2.89485,-2.904369,-2.704458,-2.841965,-2.926277,76.19,75.9,76.55,76.32,75.77,75.66,75.65,76.45
"2020-02-23 12:50:00",5667,0,5,0,21.01,25.32,"NAN",2.59,263.6,18.47,146.5467,4.721942,-2.861464,-2.756979,-2.900068,-2.840745,-2.839923,-2.628815,-2.769722,-2.857986,76.02,75.5,76.3,76.01,75.26,75.18,75.13,76.26
"2020-02-23 12:55:00",5668,0,5,0,22.23,27.54,"NAN",1.777,270.6,24.5,161.6599,4.0796,-2.812987,-2.705699,-2.862173,-2.798932,-2.78786,-2.58244,-2.720937,-2.831872,75.21,74.98,75.67,75.54,74.79,74.67,74.67,75.72
"2020-02-23 13:00:00",5669,0,5,0,26.43,29.11,"NAN",1.865,267.5,21.38,176.0564,4.051784,-2.686083,-2.610077,-2.745784,-2.696446,-2.71617,-2.51123,-2.6466,-2.76407,74.29,74.25,74.71,74.64,74.06,73.97,74.07,75.12
"2020-02-23 13:05:00",5670,0,5,0,22.14,25.52,"NAN",2.026,268.6,15.58,189.6604,4.947747,-2.537613,-2.497387,-2.623986,-2.577415,-2.613364,-2.400553,-2.53245,-2.602471,73.14,73.11,73.59,73.5,73.07,73.04,73.2,73.77
"2020-02-23 13:10:00",5671,0,5,0,19.56,23.54,"NAN",1.785,259.5,22.88,203.8601,3.497447,-2.453225,-2.414563,-2.533196,-2.497783,-2.540012,-2.318015,-2.462312,-2.47974,73.13,72.99,73.66,73.48,72.81,72.69,72.87,73.6
"2020-02-23 13:15:00",5672,0,5,0,19.57,22.31,"NAN",1.7,256.5,25.25,221.0119,5.670274,-2.403738,-2.380517,-2.501057,-2.465282,-2.474853,-2.251636,-2.40483,-2.409481,72.93,72.7,73.46,73.3,72.49,72.34,72.4,73.25
"2020-02-23 13:20:00",5673,0,5,0,18.05,21.07,"NAN",2.273,259.6,18.48,237.3912,4.066173,-2.283797,-2.259215,-2.384421,-2.346496,-2.366678,-2.154082,-2.294974,-2.281954,71.71,71.72,72.26,72.24,71.6,71.56,71.74,72.11
"2020-02-23 13:25:00",5674,0,5,0,16.77,20.37,"NAN",2.136,265.1,22.04,248.3075,4.730296,-2.193518,-2.170104,-2.286615,-2.264463,-2.274758,-2.061672,-2.203371,-2.146336,71.93,71.62,72.46,72.3,71.36,71.29,71.34,72.27
"2020-02-23 13:30:00",5675,0,5,0,21.95,26.45,"NAN",2.162,254.2,23.33,254.2546,3.567805,-2.11572,-2.133241,-2.229102,-2.212352,-2.235766,-2.028632,-2.171464,-2.090436,71.17,71.38,71.75,71.8,71.24,71.12,71.25,71.42
"2020-02-23 13:35:00",5676,0,5,0,21.49,25.91,"NAN",1.889,259.5,25.73,249.488,6.023874,-2.009743,-2.071899,-2.124458,-2.1439,-2.2068,-2.000682,-2.145177,-1.974241,71.46,71.44,72.04,72.06,71.12,70.99,71.12,71.82
"2020-02-23 13:40:00",5677,0,5,0,20.81,24.36,"NAN",2.144,255.3,26.4,279.2773,9.501181,-1.988473,-2.025344,-2.104895,-2.111712,-2.155586,-1.943093,-2.062853,-1.982911,70.48,70.89,71.06,71.19,70.74,70.6,70.66,70.89
"2020-02-23 13:45:00",5678,0,5,0,21,24.63,"NAN",1.928,251.4,24.52,293.5659,3.358108,-1.835203,-1.892034,-1.940976,-1.955736,-2.029058,-1.809332,-1.953421,-1.800605,70.42,70.46,70.91,71.03,70.21,70.11,70.14,70.77
"2020-02-23 13:50:00",5679,0,5,0,22.59,26.99,"NAN",1.568,250.8,31.75,312.9291,5.646771,-1.640178,-1.693491,-1.75932,-1.765641,-1.829615,-1.601322,-1.740696,-1.614541,69.13,69.52,69.78,69.97,69.36,69.27,69.44,69.49
"2020-02-23 13:55:00",5680,0,5,0,20.35,25.39,"NAN",1.978,250.4,23.37,321.5125,3.568854,-1.472649,-1.5766,-1.600852,-1.632257,-1.720792,-1.525087,-1.671342,-1.425824,68.65,68.94,69.24,69.38,68.8,68.75,68.87,68.91
"2020-02-23 14:00:00",5681,0,5,0,19.79,24.05,"NAN",2.017,248.3,23.52,322.4672,4.73048,-1.320599,-1.429188,-1.44984,-1.475246,-1.59264,-1.391039,-1.538575,-1.264794,68.22,68.48,68.75,68.91,68.45,68.42,68.58,68.43
"2020-02-23 14:05:00",5682,0,5,0,17.87,21.2,"NAN",1.03,238.3,22.26,341.2842,8.303859,-1.097214,-1.261862,-1.202007,-1.293058,-1.434959,-1.208434,-1.352665,-1.037476,67.19,67.9,67.89,68.27,67.77,67.65,67.8,67.49
"2020-02-23 14:10:00",5683,0,5,0,20.93,24.9,"NAN",1.14,232.3,22.44,363.3539,5.309633,-0.8878741,-1.066671,-0.9922666,-1.085513,-1.215724,-1.014421,-1.166809,-0.8484721,65.98,66.94,66.68,67.2,66.83,66.69,66.92,66.42
"2020-02-23 14:15:00",5684,0,5,0,18.73,21.76,"NAN",0.751,208.6,28.91,372.4901,4.441811,-0.6583611,-0.8699297,-0.7372311,-0.8778208,-1.019647,-0.8137602,-0.9864007,-0.6042883,65.63,66.09,65.71,66.28,65.76,65.53,65.63,66.33
"2020-02-23 14:20:00",5685,0,5,0,20.93,24.46,"NAN",0.917,188.7,24.91,390.7564,4.47112,0.2074879,-0.2910783,0.2310874,-0.2135506,-0.4639125,-0.3266605,-0.6959158,0.3099429,61.72,63.97,61.54,63.63,63.88,64.02,65.22,61.71
"2020-02-23 14:25:00",5686,0,5,0,22.94,29.08,"NAN",1.254,200.5,20.88,405.3175,2.918974,0.05411657,-0.5274144,0.01775716,-0.436769,-0.7279562,-0.5872627,-0.8755882,0.1454018,62.47,64.78,62.6,64.47,64.88,64.99,65.82,62.59
"2020-02-23 14:30:00",5687,0,5,0,24.41,30.65,"NAN",1.158,192.4,27.48,415.7118,7.226745,-0.1135324,-0.595793,-0.1186494,-0.5150603,-0.7855448,-0.6269099,-0.9044837,-0.05747198,62.99,64.66,62.64,64.53,64.73,64.89,65.49,63.4
"2020-02-23 14:35:00",5688,0,5,0,21.43,26.18,"NAN",1.191,190,22.27,435.0216,2.866791,0.5004367,-0.1135071,0.544856,0.02291336,-0.4174911,-0.3200846,-0.6498708,0.580792,61.46,64.13,60.95,63.3,64.36,64.6,65.45,61.48
"2020-02-23 14:40:00",5689,0,5,0,20.39,24,"NAN",1.206,200.5,31.76,443.4276,4.114157,0.7204291,-0.001277669,0.7524378,0.155077,-0.2819271,-0.2009996,-0.5638599,0.7664273,59.95,62.96,60.03,62.5,63.48,64.21,65.51,60.26
"2020-02-23 14:45:00",5690,0,5,0,18.46,21.74,"NAN",0.951,192.6,26.87,412.5992,17.98849,0.6713608,0.1009796,0.6048927,0.2552989,-0.1532158,-0.104748,-0.5141236,0.7647395,60.43,62.18,60.41,61.35,62.46,62.97,64.41,60.67
"2020-02-23 14:50:00",5691,0,5,0,18.58,22.92,"NAN",0.876,189.8,25.35,406.7646,34.76215,1.03142,0.4016168,1.006237,0.6541939,0.0872303,0.1313244,-0.2883972,1.163447,59.74,62.27,59.85,61.49,62.9,63.43,64.6,59.54
"2020-02-23 14:55:00",5692,0,5,0,19.33,23.61,"NAN",1.32,197.9,26.47,462.6654,14.45103,0.8857983,0.2915841,0.8736479,0.4699844,-0.02986526,0.04255969,-0.3245777,1.0321,60.25,62.38,59.86,61.68,62.92,63.39,64.66,60.18
"2020-02-23 15:00:00",5693,0,5,0,18.43,22.41,"NAN",1.633,202.7,19.18,462.4685,13.33079,0.6406595,0.09235573,0.6491974,0.2450707,-0.1731735,-0.05647011,-0.3742564,0.7241086,62.57,64.14,62.48,63.79,64.29,64.32,65.11,62.76
"2020-02-23 15:05:00",5694,0,5,0,19.08,22.57,"NAN",1.113,216.2,27.18,472.3779,8.762353,0.5304946,0.1058928,0.4776151,0.1989325,-0.114477,0.02622147,-0.2445628,0.5884799,62.85,64.19,63.14,64.12,64.39,64.37,65.03,63.25
"2020-02-23 15:10:00",5695,0,5,0,19.12,22.09,"NAN",1.06,222.4,32.93,486.7831,22.37238,0.6127924,0.214772,0.4440057,0.2896975,0.02716815,0.2419676,0.03697548,0.7499503,61.98,63.88,62.95,63.63,64.08,64.04,64.4,61.88
"2020-02-23 15:15:00",5696,0,5,0,21.53,25.41,"NAN",0.953,197.6,22.69,511.4539,6.621396,1.09248,0.6521308,0.9314749,0.7432359,0.4803282,0.6685131,0.442037,1.184589,59.93,61.46,60.41,61.35,61.56,61.77,62.63,60.23
"2020-02-23 15:20:00",5697,0,5,0,20.76,24.1,"NAN",1.095,188.6,28.61,496.516,22.58082,1.936081,1.180473,1.733529,1.36224,0.9150008,1.018233,0.6655296,2.052715,57.69,60.53,58.56,59.95,60.76,61.02,62.26,57.65
"2020-02-23 15:25:00",5698,0,5,0,16.92,20.5,"NAN",0.941,208,39.24,495.5682,24.83463,1.490422,0.9904001,1.356191,1.146463,0.7786049,0.9236707,0.5932653,1.637782,60.23,62.13,60.7,61.62,62.07,62.15,63.2,60.45
"2020-02-23 15:30:00",5699,0,5,0,16.52,20.85,"NAN",1.651,188.2,28.41,522.9165,11.21762,1.709908,1.06398,1.54402,1.217934,0.8132551,0.9524089,0.6356927,1.791352,60.23,62.47,60.48,62.04,62.74,62.9,63.79,60.16
"2020-02-23 15:35:00",5700,0,5,0,17.84,22.56,"NAN",0.828,186.5,31.99,552.7299,5.254507,1.755241,1.251316,1.71203,1.367548,1.053481,1.220235,0.958249,1.872775,58.8,60.45,58.69,60.18,60.48,60.76,61.62,58.84
"2020-02-23 15:40:00",5701,0,5,0,17.12,20.81,"NAN",1.259,162.1,25.7,553.3328,11.91266,2.243491,1.731382,2.241819,1.867309,1.564608,1.735204,1.432194,2.333153,60,61.02,59.47,60.86,60.86,60.86,61.65,59.85
"2020-02-23 15:45:00",5702,0,5,0,22.95,26.7,"NAN",0.885,175.5,35.14,561.6588,5.030024,2.07009,1.722923,2.139729,1.813318,1.574833,1.732267,1.401746,2.198991,58.9,59.91,58.24,59.32,60.04,60.44,61.62,58.86
"2020-02-23 15:50:00",5703,0,5,0,18.53,22.13,"NAN",1.055,187,33.06,572.9869,4.623724,2.24582,1.923611,2.431557,2.124154,1.675221,1.802306,1.437467,2.510125,59.9,60.54,59,59.99,60.52,60.84,61.81,58.99
"2020-02-23 15:55:00",5704,0,5,0,18.03,21.14,"NAN",1.253,193.4,30.02,577.3936,1.908339,2.20886,2.0044,2.517485,2.144939,1.738132,1.813299,1.443355,2.644134,60.95,61.07,59.01,60.65,61.41,61.87,62.95,59.23
"2020-02-23 16:00:00",5705,0,5,0,16.84,21.6,"NAN",0.573,207.7,35.08,583.1525,2.580012,2.605003,2.604104,2.962085,2.66814,2.357784,2.394081,2.079987,3.084615,58.05,57.13,56.77,57.36,57.37,58.21,58.99,56.45
"2020-02-23 16:05:00",5706,0,5,0,17.44,21.48,"NAN",1.309,185,29.63,586.5342,2.16187,2.610124,2.498132,2.850412,2.578475,2.228642,2.341215,2.050473,3.017897,60.59,59.8,58.72,59.65,59.93,60.18,60.85,59.07
"2020-02-23 16:10:00",5707,0,5,0,17.72,22.43,"NAN",1.666,192.1,23.49,594.938,2.283498,2.686849,2.441914,2.895163,2.536324,2.180799,2.318474,2.002993,3.025146,59.06,59.43,57.67,59.16,59.76,59.82,60.6,58.17
"2020-02-23 16:15:00",5708,0,5,0,17.65,21.14,"NAN",1.824,200.6,31.74,599.374,3.367241,2.705571,2.373356,2.808536,2.483702,2.143491,2.30188,1.974892,2.931855,59.96,60.47,59.41,60.29,60.53,60.46,61.22,59.74
"2020-02-23 16:20:00",5709,0,5,0,16.6,19.37,"NAN",1.873,196.9,25.8,606.4109,4.543436,2.774407,2.398108,2.827641,2.523741,2.177507,2.325274,1.990402,2.909524,58.66,59.71,58.36,59.29,59.88,60.05,61.01,58.73
"2020-02-23 16:25:00",5710,0,5,0,17.57,20.78,"NAN",1.377,201.5,29.79,610.2032,1.600921,2.74007,2.409005,2.734045,2.526203,2.203392,2.38131,2.126874,2.830984,60.18,60.84,59.94,60.64,60.69,60.71,61.06,60.58
"2020-02-23 16:30:00",5711,0,5,0,16.11,19.41,"NAN",1.845,181.3,20.16,606.8163,5.24793,3.126318,2.75805,3.126606,2.826596,2.56107,2.723562,2.460161,3.180457,57.4,58.48,56.96,58.32,58.51,58.69,59.44,57.58
"2020-02-23 16:35:00",5712,0,5,0,16.1,19.98,"NAN",1.527,186.1,25.05,619.0434,2.102302,3.516787,3.011921,3.489153,3.114953,2.745638,2.87623,2.533,3.561669,56,57.49,55.68,57.07,57.96,58.32,59.25,56.25
"2020-02-23 16:40:00",5713,0,5,0,16.09,19.66,"NAN",1.419,188.5,32.64,621.1292,1.885933,3.940266,3.379742,3.950905,3.585492,3.003138,3.133934,2.752014,4.033547,55.45,56.65,54.82,56.23,57.17,57.44,58.64,55.66
"2020-02-23 16:45:00",5714,0,5,0,17.73,21.25,"NAN",1.435,189.9,31.71,621.1542,2.617432,3.972453,3.411584,4.00342,3.588805,3.102951,3.190373,2.815598,4.067552,55.22,56.63,54.89,56.12,56.6,56.96,58.17,55.51
"2020-02-23 16:50:00",5715,0,5,0,19,22.88,"NAN",1.803,194.4,27.48,620.7734,2.348901,3.79729,3.268755,3.754097,3.426866,3.024706,3.148468,2.755513,3.883385,56.31,57.84,56.14,57.3,57.81,57.97,59.11,56.12
"2020-02-23 16:55:00",5716,0,5,0,17.11,19.56,"NAN",1.381,188.4,35.99,623.1059,2.373772,3.818318,3.458688,3.866699,3.602253,3.204381,3.331363,2.973846,3.91145,55.62,56.87,55.21,56.28,56.85,57.17,58.17,55.73
"2020-02-23 17:00:00",5717,0,5,0,17.03,20.8,"NAN",1.103,195.2,30.4,625.4946,1.602871,3.956293,3.552784,3.964199,3.69979,3.320732,3.462673,3.173512,4.011975,56.56,57.36,56.3,56.9,57.18,57.28,57.96,56.92
"2020-02-23 17:05:00",5718,0,5,0,17.93,22.22,"NAN",1.432,195.3,27.26,623.5291,2.939031,4.09237,3.775708,4.145563,3.928944,3.6279,3.782097,3.460468,4.132014,55.97,56.69,55.61,56.36,56.49,56.65,57.63,56.19
"2020-02-23 17:10:00",5719,0,5,0,15.36,20.04,"NAN",1.683,198.7,24.54,613.7108,4.109627,3.822558,3.542236,3.827663,3.634728,3.400074,3.578673,3.294164,3.893738,56.87,57.42,56.51,57.45,56.89,56.96,57.91,57.01
"2020-02-23 17:15:00",5720,0,5,0,15.06,19.03,"NAN",1.81,200.4,18.78,623.2457,4.540292,4.105403,3.694843,4.126726,3.806076,3.469479,3.625511,3.315204,4.205482,56.34,57.23,55.83,56.75,57.15,57.19,57.91,56.2
"2020-02-23 17:20:00",5721,0,5,0,17.13,22.47,"NAN",1.287,182.1,25.73,620.6976,6.327157,4.30303,3.962451,4.345083,4.068895,3.729812,3.906899,3.584336,4.479648,55.84,55.95,54.85,55.71,55.98,56.13,57.04,55.42
"2020-02-23 17:25:00",5722,0,5,0,17.21,20.3,"NAN",1.699,186.6,20.46,623.2412,2.60269,4.738039,4.348116,4.881484,4.4664,4.049428,4.163723,3.820258,5.02403,55.25,55.5,53.55,55.19,55.5,55.76,56.58,54.32
"2020-02-23 17:30:00",5723,0,5,0,18,21.55,"NAN",1.713,185.6,24.18,621.1692,4.05399,4.617858,4.402545,4.891239,4.513971,4.128801,4.23361,3.854614,4.979743,55.73,54.9,53.35,54.51,55.28,55.56,56.59,54.61
"2020-02-23 17:35:00",5724,0,5,0,13.72,17.91,"NAN",1.482,186.9,24.39,620.4692,3.332676,4.631819,4.546237,4.985002,4.646437,4.258832,4.365127,3.961325,5.122344,56.25,54.82,53.77,54.84,55.2,55.51,56.62,54.33
"2020-02-23 17:40:00",5725,0,5,0,15.09,17.95,"NAN",1.696,186.5,24.95,618.5456,1.209526,4.598639,4.492745,5.031288,4.654953,4.206815,4.339994,3.981751,5.074658,55.9,54.7,53.34,54.41,54.59,54.63,55.52,54.6
"2020-02-23 17:45:00",5726,0,5,0,16.14,18.21,"NAN",1.516,193.9,27.07,611.7092,3.277062,4.681141,4.678383,5.241244,4.810478,4.393235,4.529506,4.121517,5.162263,54.43,53.79,51.87,53.44,54.01,54.23,55.29,52.88
"2020-02-23 17:50:00",5727,0,5,0,13.47,15.94,"NAN",1.572,184.6,25.58,607.6143,1.899051,4.758532,4.686681,5.190917,4.816274,4.417548,4.573386,4.216923,5.274887,53.2,52.75,51.03,52.23,53.12,53.47,54.39,51.42
"2020-02-23 17:55:00",5728,0,5,0,16.45,20.13,"NAN",1.315,182.9,24.45,608.0476,0.9623774,4.8001,4.725736,5.172872,4.85302,4.477504,4.623341,4.270595,5.267445,54.21,53.24,51.66,52.75,53.29,53.5,54.5,52.88
"2020-02-23 18:00:00",5729,0,5,0,13.78,16.04,"NAN",1.613,178.9,25.38,600.6426,7.616633,4.991056,4.922725,5.423803,5.020339,4.673889,4.815768,4.41348,5.449997,53.37,52.94,51.21,52.4,52.9,53.14,54.11,51.97
"2020-02-23 18:05:00",5730,0,5,0,14.66,19.42,"NAN",1.66,181.5,21.25,590.7258,8.240593,4.951452,4.931498,5.35116,5.037944,4.66858,4.794423,4.424395,5.364141,54.07,53.12,51.63,52.63,53.29,53.41,54.48,52.74
"2020-02-23 18:10:00",5731,0,5,0,13.8,17.94,"NAN",1.449,185.7,25.18,597.4033,2.492604,4.723132,4.758029,5.232147,4.905961,4.469534,4.601853,4.166544,5.077726,55.62,53.99,52.39,53.54,53.93,54.11,55.05,54.72
"2020-02-23 18:15:00",5732,0,5,0,14.27,18.08,"NAN",1.625,184.7,26.6,596.1,2.762242,4.852905,4.976409,5.474212,5.065333,4.688491,4.792396,4.360519,5.102354,54.41,52.76,51.53,52.47,52.86,53.14,54.22,53.79
"2020-02-23 18:20:00",5733,0,5,0,11.36,15.38,"NAN",1.435,190.7,36.97,592.3319,2.623616,4.893655,4.974187,5.468881,5.147477,4.729146,4.841931,4.415418,5.189202,55.25,53.69,52.15,52.98,53.76,53.79,54.79,54.18
"2020-02-23 18:25:00",5734,0,5,0,14.84,18.37,"NAN",1.618,176.5,22.38,584.8185,3.158658,4.832757,4.940766,5.393279,5.084703,4.643792,4.747841,4.382542,5.225016,53.31,52.26,50.65,51.68,52.57,52.94,53.89,52.1
"2020-02-23 18:30:00",5735,0,5,0,14.35,17.48,"NAN",1.1,199,27.4,576.9264,2.35964,4.947903,4.994455,5.375517,5.094791,4.759989,4.887946,4.534513,5.258865,54.36,53.24,52.34,52.98,52.93,53.14,53.56,53.94
"2020-02-23 18:35:00",5736,0,5,0,16.16,20.11,"NAN",1.428,186.1,30.16,564.2158,5.695113,5.511969,5.345426,5.777035,5.522101,5.073747,5.229578,4.890231,5.740555,50.78,51.17,49.62,50.35,51.38,51.68,52.63,50.44
"2020-02-23 18:40:00",5737,0,5,0,14.01,19.05,"NAN",1.885,196,16.94,550.0773,5.897949,5.506569,5.140371,5.607184,5.311612,4.86435,4.948103,4.559044,5.631193,51.52,52.03,50.82,51.56,52.07,52.42,53.28,51.51
"2020-02-23 18:45:00",5738,0,5,0,11.56,15.37,"NAN",0.971,199.9,27.7,498.7461,34.59124,5.283735,5.013636,5.316642,5.130402,4.818819,4.988986,4.698277,5.318474,52.26,52.3,51.6,51.76,52.22,52.35,52.89,52.53
"2020-02-23 18:50:00",5739,0,5,0,12.45,14.94,"NAN",1.753,214.9,22.31,495.9129,15.81398,5.330033,5.155885,5.283255,5.275362,4.965397,5.130859,4.834116,5.342225,52.2,52.27,52.22,51.97,52.16,52.21,52.82,52.52
"2020-02-23 18:55:00",5740,0,5,0,11.78,14.21,"NAN",1.664,212.2,27.49,483.6136,21.65637,5.053854,4.848587,4.81718,4.944758,4.678142,4.859635,4.593805,5.073988,53,52.78,53.55,52.65,52.51,52.65,53.12,53.42
"2020-02-23 19:00:00",5741,0,5,0,11.23,15.01,"NAN",1.844,211.3,24.6,495.3287,20.47268,5.078021,4.877437,4.753504,4.971112,4.72682,4.924022,4.655436,5.082798,52.26,52.49,53.42,52.33,52.18,52.16,52.64,52.69
"2020-02-23 19:05:00",5742,0,5,0,15.65,19.43,"NAN",2.327,208.2,23.26,451.8365,42.63762,5.202213,4.905366,4.788534,4.990541,4.737899,4.918866,4.659124,5.209998,52.31,52.61,53.29,52.45,52.49,52.6,52.98,52.3
"2020-02-23 19:10:00",5743,0,5,0,13.71,17.27,"NAN",1.398,215.2,26.26,526.2343,5.971414,5.170152,4.961747,4.810937,5.034937,4.813822,5.021018,4.810611,5.219098,52.03,51.97,52.94,52,51.8,51.7,51.98,52.49
"2020-02-23 19:15:00",5744,0,5,0,12.73,17.98,"NAN",1.6,214.7,27.49,525.0288,1.741566,5.43931,5.204141,5.103678,5.288418,5.046851,5.235383,4.973887,5.476908,51.38,52.04,52.03,51.78,51.83,51.82,52.27,51.58
"2020-02-23 19:20:00",5745,0,5,0,12.98,16.64,"NAN",1.884,220.1,26.1,517.1437,3.291638,5.46929,5.245063,5.279834,5.351027,5.084318,5.278331,5.006467,5.542676,51.89,51.58,51.8,51.49,51.43,51.47,51.85,52.06
"2020-02-23 19:25:00",5746,0,5,0,12.22,14.56,"NAN",1.47,211.1,29.28,501.9234,5.770134,5.439416,5.188911,5.340273,5.279217,5.011194,5.216257,4.92642,5.546943,51.82,52.26,52.1,52.14,52.13,52.04,52.17,51.59
"2020-02-23 19:30:00",5747,0,5,0,12.4,16.57,"NAN",1.72,208.3,25.94,482.0497,5.608564,5.616253,5.299547,5.545167,5.446855,5.169558,5.369536,5.090485,5.75576,50.79,51.42,50.71,50.97,51.2,51.19,51.84,50.83
"2020-02-23 19:35:00",5748,0,5,0,13.73,17.73,"NAN",1.651,216.1,28.56,464.2838,5.089295,5.670938,5.352968,5.552085,5.479643,5.147684,5.339052,5.054116,5.76819,50.73,51.16,51.05,50.9,51.02,50.96,51.52,50.87
"2020-02-23 19:40:00",5749,0,5,0,12.62,16.43,"NAN",1.737,211.4,21.27,447.5128,4.915531,5.622519,5.270329,5.3975,5.421542,5.05723,5.240165,4.953582,5.659335,50.75,51.57,51.53,51.15,51.5,51.52,52.04,50.99
"2020-02-23 19:45:00",5750,0,5,0,12.37,16.78,"NAN",1.778,202.6,26.16,430.5032,4.451292,5.556162,5.244833,5.268925,5.364674,5.036215,5.224415,4.975171,5.58004,50.7,50.95,51.27,50.74,50.86,51.01,51.46,50.94
"2020-02-23 19:50:00",5751,0,5,0,13.68,18.56,"NAN",0.908,208.9,30.33,412.2296,7.636381,5.838494,5.520587,5.523835,5.653847,5.286638,5.445552,5.147858,5.869092,49.63,50.29,50.47,49.7,50.37,50.53,51.14,50.02
"2020-02-23 19:55:00",5752,0,5,0,13.82,18.1,"NAN",1.843,211.8,21.52,402.1049,3.421783,5.752108,5.482324,5.53719,5.655512,5.278668,5.483689,5.207583,5.791125,50.12,50.64,50.4,50.12,50.74,50.8,51.26,50.39
"2020-02-23 20:00:00",5753,0,5,0,14.31,18.58,"NAN",0.807,203.2,20.91,384.2803,10.46156,5.883795,5.689481,5.733771,5.803037,5.499984,5.727662,5.467476,5.916448,51.31,50.25,50.85,50.15,49.75,49.47,50.1,51.94
"2020-02-23 20:05:00",5754,0,5,0,14.68,18.93,"NAN",0.571,193.7,32.09,332.4888,27.84939,6.332635,6.024071,6.253423,6.17557,5.866055,6.040421,5.669879,6.39931,50.69,51.26,50.35,50.49,50.9,50.7,51.11,51.1
"2020-02-23 20:10:00",5755,0,5,0,13.54,16.76,"NAN",0.97,198,26.32,356.1085,5.736579,5.971744,5.610849,5.948758,5.870612,5.496602,5.731825,5.483436,6.008859,51.25,51.06,50.66,50.49,50.37,50.11,50.42,51.55
"2020-02-23 20:15:00",5756,0,5,0,16.44,20.62,"NAN",1.061,204.6,21.92,343.4191,3.23159,5.968508,5.727533,5.944529,5.90627,5.601917,5.797043,5.519461,5.94772,49.3,49.64,49.13,49.32,49.21,49.36,50,49.86
"2020-02-23 20:20:00",5757,0,5,0,18.35,22.43,"NAN",0.8,195.3,33.18,336.893,4.058195,6.208094,5.951508,6.169891,6.088832,5.786135,5.961392,5.645506,6.175193,49.4,50.09,49.23,49.41,49.91,49.99,50.38,49.82
"2020-02-23 20:25:00",5758,0,5,0,17,20.18,"NAN",1.56,186.7,23.08,320.4297,4.089736,6.251451,5.970927,6.180223,6.071399,5.742628,5.895469,5.57917,6.266684,49.67,49.5,48.94,49.16,49.55,49.69,50.49,50.28
"2020-02-23 20:30:00",5759,0,5,0,18.31,22.62,"NAN",0.845,202.3,27.1,306.1463,4.727368,6.047583,5.727959,6.003584,5.864372,5.492288,5.637206,5.291484,6.057109,50.08,50.65,49.85,50.09,50.55,50.78,51.39,50.57
"2020-02-23 20:35:00",5760,0,5,0,18.27,23.06,"NAN",0.979,195.7,29.8,290.1368,4.202031,6.03892,5.715178,5.999329,5.884397,5.507987,5.672214,5.381895,6.031327,51.42,51.56,50.87,51.29,51.13,51.19,51.75,51.83
"2020-02-23 20:40:00",5761,0,5,0,16.87,20.63,"NAN",1.488,201,21.34,274.0743,4.774295,5.94649,5.653494,5.948319,5.763817,5.471143,5.628318,5.321318,5.892773,50.6,50.44,49.81,50.19,50.32,50.44,51.14,51.28
"2020-02-23 20:45:00",5762,0,5,0,16.67,21.13,"NAN",1.622,211.9,24.51,250.2362,8.217252,5.824596,5.528512,5.797342,5.644407,5.325838,5.494622,5.218483,5.801826,50.74,51.09,50.37,50.74,50.98,51.02,51.49,51.03
"2020-02-23 20:50:00",5763,0,5,0,16.73,21.8,"NAN",1.321,204.1,24.57,228.2522,5.000196,5.643608,5.395916,5.604331,5.504267,5.231749,5.37989,5.13148,5.627524,50.77,50.93,50.48,50.7,51.02,51.04,51.48,51.3
"2020-02-23 20:55:00",5764,0,5,0,17.28,20.56,"NAN",1.25,206.2,21.65,217.0061,2.951222,5.571824,5.364603,5.538478,5.432844,5.154957,5.342408,5.07644,5.54438,52.51,52.13,51.96,52.01,52.16,52.1,52.33,53.17
"2020-02-23 21:00:00",5765,0,5,0,14.54,17.48,"NAN",1.169,200.8,21.26,214.9001,4.698858,5.564285,5.410932,5.533265,5.471292,5.232415,5.421437,5.152285,5.506103,51.79,51.38,51.08,51.11,51.18,51.09,51.56,52.19
"2020-02-23 21:05:00",5766,0,5,0,17.34,22.44,"NAN",1.264,195.5,16.58,202.4677,4.18043,5.579848,5.444074,5.583868,5.500952,5.258372,5.448384,5.185229,5.530159,51.76,51.44,51.02,51.32,51.55,51.46,51.98,51.99
"2020-02-23 21:10:00",5767,0,5,0,17.69,21.19,"NAN",0.779,196.8,24.8,182.1929,4.165452,5.601756,5.463785,5.668155,5.530894,5.267806,5.439776,5.209636,5.565231,52.78,52.1,51.47,51.74,51.76,51.73,52.21,53.53
"2020-02-23 21:15:00",5768,0,5,0,15.48,19.09,"NAN",1.301,209.3,25.88,154.1965,14.08634,5.472862,5.335705,5.599484,5.428106,5.158476,5.343889,5.106683,5.387349,52.83,52.81,52.2,52.63,52.93,52.76,53.04,53.39
"2020-02-23 21:20:00",5769,0,5,0,14.13,18.19,"NAN",1.541,213.5,20.4,142.2973,5.906022,5.091437,5.015415,5.134843,5.054098,4.855268,5.078381,4.887809,5.01909,54.75,54.66,54.24,54.47,54.61,54.17,53.82,55.41
"2020-02-23 21:25:00",5770,0,5,0,12.49,17.05,"NAN",0.709,226.2,35.2,121.9501,5.354924,4.843756,4.827834,4.878424,4.855516,4.701447,4.927963,4.796358,4.75405,55.87,54.61,55.09,54.65,54.46,54.27,54.32,56.8
"2020-02-23 21:30:00",5771,0,5,0,11.76,15.5,"NAN",1.164,233.1,26.45,108.0198,4.354746,4.647648,4.770159,4.692025,4.747191,4.648661,4.874779,4.740068,4.565086,55.29,54.66,54.92,54.8,54.33,54.08,54.12,55.8
"2020-02-23 21:35:00",5772,0,5,0,15.09,18.23,"NAN",1.346,231.5,16.29,86.69656,7.016274,4.555435,4.633945,4.552815,4.600933,4.538012,4.766218,4.632082,4.495529,58.26,57.35,57.71,57.52,56.67,56.28,55.43,58.92
"2020-02-23 21:40:00",5773,0,5,0,14.35,19.38,"NAN",0.679,240,30.13,91.19085,7.244815,4.308762,4.411894,4.351588,4.376156,4.359581,4.62184,4.52614,4.227461,58.18,56.15,57.27,56.64,55.6,55.12,54.87,59.03
"2020-02-23 21:45:00",5774,0,5,0,12.91,16.59,"NAN",1.195,237.9,19.97,83.44793,5.691581,4.271608,4.494855,4.313594,4.413722,4.443051,4.68447,4.54694,4.132329,57.68,55.86,57.06,56.48,55.21,54.79,54.74,58.67
"2020-02-23 21:50:00",5775,0,5,0,16.05,19.02,"NAN",0.76,259.6,32.6,71.30656,2.553734,4.15373,4.428276,4.216093,4.34518,4.369229,4.618317,4.509279,4.020888,58.15,56.4,57.49,56.9,55.63,55.32,54.99,59
"2020-02-23 21:55:00",5776,0,5,0,14.87,18.36,"NAN",0.718,248.1,22.3,65.82038,1.907962,4.088747,4.379752,4.143971,4.262468,4.335073,4.576482,4.462917,3.961184,57.4,55.87,56.88,56.38,55.26,54.98,55.02,58.23
"2020-02-23 22:00:00",5777,0,5,0,16.22,19,"NAN",0.884,235,33.21,56.0961,4.361189,4.046714,4.240427,4.071394,4.152061,4.218926,4.521224,4.420357,3.949694,58.5,57.41,57.98,57.71,56.93,56.19,55.76,59.31
"2020-02-23 22:05:00",5778,0,5,0,15.34,18.77,"NAN",1.377,260.5,27.29,37.11158,4.718017,3.917525,4.044679,3.910464,3.971985,3.981114,4.273187,4.236751,3.836099,58.86,57.31,58.38,57.91,56.81,56.34,55.93,59.4
"2020-02-23 22:10:00",5779,0,5,0,16.38,22.7,"NAN",1.491,253.2,31.93,27.88552,1.91995,3.940984,4.032135,3.892964,3.956289,3.961169,4.224105,4.141444,3.867019,57.3,56.47,56.98,56.71,56.2,55.99,55.86,57.76
"2020-02-23 22:15:00",5780,0,5,0,19.87,23.63,"NAN",1.3,263.1,23.15,20.03901,2.25368,3.965062,4.020663,3.912856,3.948027,3.937285,4.159315,4.063115,3.89297,57.2,56.76,57.01,56.93,56.46,56.4,56.25,57.55
"2020-02-23 22:20:00",5781,0,5,0,20.01,24.52,"NAN",1.288,274.5,20.36,13.17735,1.627106,3.779529,3.923621,3.785367,3.845093,3.846677,4.060571,3.973035,3.71837,58.92,57.34,58.26,57.71,56.73,56.38,56.06,59.64
"2020-02-23 22:25:00",5782,0,5,0,21.04,24.49,"NAN",1.403,281.1,23.31,8.25614,1.16532,3.64915,3.871217,3.678007,3.748921,3.825146,4.064921,3.965276,3.569513,58.31,56.99,57.74,57.39,56.66,56.48,56.16,59.05
"2020-02-23 22:30:00",5783,0,5,0,21.46,25.59,"NAN",1.115,270.3,28.01,4.894991,0.8054974,3.605142,3.789176,3.625204,3.687991,3.746835,3.974,3.89675,3.510731,60.52,58.46,59.6,59.05,57.7,57.2,56.87,61.33
"2020-02-23 22:35:00",5784,0,5,0,22.65,24.87,"NAN",1.147,273.7,19.78,2.415583,0.5883055,3.233232,3.580078,3.316605,3.447681,3.560979,3.821882,3.760084,3.106726,61.89,59.12,60.81,59.92,58.18,57.62,57.1,62.82
"2020-02-23 22:40:00",5785,0,5,0,20.68,24.69,"NAN",1.168,279.1,27.17,1.067119,0.3553205,3.246439,3.586488,3.298533,3.425959,3.570615,3.833143,3.782909,3.124127,60.03,58.16,59.13,58.68,57.66,57.29,56.89,60.83
"2020-02-23 22:45:00",5786,0,5,0,18.16,22.99,"NAN",1.359,276.7,22.38,0.08248457,0.142003,3.408843,3.673043,3.457083,3.544932,3.653354,3.885588,3.822195,3.303836,63.64,58.5,61.56,59.85,57.57,57.06,56.64,64.91
"2020-02-23 22:50:00",5787,0,5,0,19.76,23.46,"NAN",1.168,275.9,31.95,0,0,3.102441,3.560014,3.217124,3.373039,3.565719,3.851666,3.804708,2.958197,60.67,57.99,59.35,58.57,57.44,56.89,56.48,61.95
"2020-02-23 22:55:00",5788,0,5,0,19.71,25.53,"NAN",1.357,273.8,21.62,0,0,3.467561,3.714554,3.506943,3.599419,3.671503,3.951348,3.904887,3.324448,59.33,57.38,58.41,57.78,56.83,56.45,56.02,60.57
"2020-02-23 23:00:00",5789,0,5,0,22,25.38,"NAN",1.311,279,20.94,0,0,3.514326,3.746689,3.552812,3.657882,3.689363,3.953434,3.864747,3.380744,59.41,57.52,58.63,58.01,57.05,56.76,56.52,60.28
"2020-02-23 23:05:00",5790,0,5,0,20.95,25.76,"NAN",1.595,268.6,20.36,0,0,3.461767,3.76588,3.53648,3.658275,3.714268,3.948549,3.879939,3.338601,59.45,57.8,58.77,58.12,57.29,56.8,56.39,60.25
"2020-02-23 23:10:00",5791,0,5,0,21.04,25.72,"NAN",1.541,261,27.84,0,0,3.377299,3.66871,3.44493,3.556377,3.643938,3.915895,3.889325,3.258818,59.12,57.42,58.37,57.94,56.89,56.47,56.08,59.89
"2020-02-23 23:15:00",5792,0,5,0,18.12,22.58,"NAN",1.397,264.3,29.93,0,0,3.496374,3.724718,3.527376,3.614653,3.678885,3.936461,3.865921,3.391534,59.63,58.25,59.08,58.68,57.8,57.26,56.9,60.35
"2020-02-23 23:20:00",5793,0,5,0,20.31,23.85,"NAN",1.562,271.9,26.24,0,0,3.512694,3.680891,3.508794,3.590842,3.631229,3.860943,3.815202,3.411644,58.96,57.55,58.44,57.98,57.12,56.83,56.46,59.64
"2020-02-23 23:25:00",5794,0,5,0,18.93,22.88,"NAN",1.482,265.3,23.17,0,0,3.452425,3.711161,3.497044,3.590348,3.67814,3.903224,3.855042,3.351548,59.53,57.62,58.5,58.01,57.18,56.9,56.59,60.3
"2020-02-23 23:30:00",5795,0,5,0,17.97,21.87,"NAN",1.107,281.6,23.3,0,0,3.515791,3.718443,3.517869,3.635845,3.672776,3.889605,3.836056,3.410976,60.06,57.77,58.99,58.18,57.28,57.06,56.81,60.82
"2020-02-23 23:35:00",5796,0,5,0,21.41,24.84,"NAN",1.356,283.7,18.62,0,0,3.295178,3.648067,3.373823,3.538832,3.604621,3.843739,3.769325,3.195975,62.85,59.03,61.48,60.12,58.13,57.78,57.29,63.9
"2020-02-23 23:40:00",5797,0,5,0,20.67,26.94,"NAN",1.567,281.5,16.99,0,0,3.188524,3.552173,3.241359,3.414983,3.534287,3.784733,3.706792,3.068229,60.83,58.52,60.04,59.28,57.58,57.23,57,61.66
"2020-02-23 23:45:00",5798,0,5,0,14.55,21.8,"NAN",1.581,270.7,27.23,0,0,3.204067,3.592267,3.283636,3.448581,3.61617,3.853851,3.761028,3.122332,60.9,58.22,59.92,58.98,57.32,56.99,56.71,61.79
"2020-02-23 23:50:00",5799,0,5,0,20.01,23.13,"NAN",1.512,270.7,26.1,0,0,3.418247,3.671613,3.456316,3.561742,3.644961,3.871184,3.793277,3.299544,58.88,57.7,58.4,58.06,57.31,57.03,56.86,59.56
"2020-02-23 23:55:00",5800,0,5,0,22.05,25.63,"NAN",1.109,271.4,25.57,0,0,3.352009,3.576868,3.381986,3.483278,3.534283,3.761808,3.6774,3.276801,59.55,58.11,58.93,58.48,57.77,57.51,57.27,60.18
