"TOA5","CR6Series","CR6","10158","CR6.Std.09.02 CR6-WIFI.04.00.01","CPU:McGill_University_Program_Version33 May 5 2020 EB.CR6","11239","Met_Data"
"TIMESTAMP","RECORD","LWMDry_Tot","LWMCon_Tot","LWMWet_Tot","Current_Avg","Current_Max","Frequency","WS_ms","Mean_WindDir","WindDir_SD","WS_ms_Max","WindDir_Max","CMP10_Solar_uWm2_Avg","CMP10_Solar_uWm2_Std","Temp1_Avg","Temp2_Avg","Temp3_Avg","Temp4_Avg","Temp5_Avg","Temp6_Avg","Temp7_Avg","Temp8_Avg","RH1","RH2","RH3","RH4","RH5","RH6","RH7","RH8"
"TS","RN","Minutes","Minutes","Minutes","Amps_rms","Amps_rms","Hz","meters/second","Deg","Deg","meters/second","Degrees","uW/m²","uW/m²","DegC","DegC","DegC","DegC","DegC","DegC","DegC","DegC","%","%","%","%","%","%","%","%"
"","","Tot","Tot","Tot","Avg","Max","Smp","WVc","WVc","WVc","Max","Max","Avg","Std","Avg","Avg","Avg","Avg","Avg","Avg","Avg","Avg","Smp","Smp","Smp","Smp","Smp","Smp","Smp","Smp"
"2020-05-07 18:38:00",1277,0,1,0,0,0,0,2.337,103.6,17.01,3.175,130.9,309.8126,1.434743,13.89845,13.34709,13.74702,13.50694,13.09534,13.25674,13.06325,13.9736,22.37,22.9,22.29,22.67,22.89,22.86,22.93,22.34
"2020-05-07 18:39:00",1278,0,1,0,0,0,0,1.939,148,17.77,3.273,191.1,331.4915,13.18335,13.86977,13.30921,13.70754,13.45746,13.07299,13.21449,13.01611,13.98739,21.84,22.38,21.76,22.21,22.48,22.53,22.67,21.69
"2020-05-07 18:40:00",1279,0,1,0,0,0,0,0.99,116.1,20.29,1.96,163.8,461.9736,122.0303,13.65858,13.14738,13.48022,13.24131,12.93776,13.08536,12.88433,13.76507,22.41,22.77,22.29,22.67,22.87,22.85,23.12,22.29
"2020-05-07 18:41:00",1280,0,1,0,0,0,0,0.697,144.4,33.43,1.862,198.2,314.5795,5.664028,13.57578,13.118,13.42712,13.18714,12.91572,13.08321,12.85374,13.70399,22.36,22.83,22.33,22.7,22.95,23.01,23.02,22.17
"2020-05-07 18:42:00",1281,0,1,0,0,0,0,1.096,172.3,10.6,1.588,191.7,297.3694,4.471731,13.58064,13.12402,13.43326,13.20664,12.92983,13.10221,12.93906,13.71034,22.75,22.96,22.65,22.95,23,23.02,23.19,22.71
"2020-05-07 18:43:00",1282,0,1,0,0,0,0,1.38,166.2,25.02,2.705,217.9,285.6595,1.996698,13.65504,13.20126,13.51461,13.31348,13.02763,13.16648,12.99072,13.77979,22.93,23.17,22.91,23.05,23.29,23.14,23.12,22.92
"2020-05-07 18:44:00",1283,0,1,0,0,0,0,1.576,180.5,43.63,4.332,250.4,283.2188,0.6152247,13.76298,13.30864,13.61629,13.40767,13.10847,13.22579,13.0483,13.90028,23.65,23.86,23.5,23.87,23.76,23.73,23.65,23.6
"2020-05-07 18:45:00",1284,0,1,0,0,0,0,2.029,216.7,15.41,3.293,247.9,276.2832,3.059132,13.89221,13.4313,13.73834,13.54856,13.23026,13.34173,13.13154,14.01759,22.97,23.48,23.07,23.46,23.5,23.54,23.45,22.85
"2020-05-07 18:46:00",1285,0,1,0,0,0,0,1.223,155.7,38.67,2.136,225,262.4717,4.599707,13.8971,13.43436,13.74492,13.55108,13.23937,13.35793,13.13461,14.00359,23.4,23.22,23.09,23.27,23.33,23.37,23.35,23.41
"2020-05-07 18:47:00",1286,0,1,0,0,0,0,0.616,192.3,37.54,0.902,260.4,248.5573,3.240871,13.92313,13.50033,13.74542,13.56306,13.30898,13.41204,13.20679,14.0102,23.26,23.46,23.27,23.54,23.63,23.67,23.61,23.38
"2020-05-07 18:48:00",1287,0,1,0,0,0,0,1.238,172.2,41.3,2.96,285,239.8774,1.63479,14.02459,13.63476,13.8482,13.70566,13.44972,13.53668,13.35262,14.10843,23.36,23.66,23.47,23.7,23.76,23.7,23.72,23.44
"2020-05-07 18:49:00",1288,0,1,0,0,0,0,2.272,167.2,27.35,5.527,220.9,238.2432,0.4752002,14.1814,13.81164,14.04154,13.89207,13.62279,13.70713,13.46545,14.27075,23.59,23.84,23.58,23.9,23.65,23.56,23.69,23.6
"2020-05-07 18:50:00",1289,0,1,0,0,0,0,2.274,169.9,23,4.214,205.3,244.4321,2.970268,14.28063,13.91363,14.12584,13.987,13.68916,13.76485,13.46247,14.37898,23.64,23.8,23.63,23.74,23.79,23.87,24.1,23.67
"2020-05-07 18:51:00",1290,0,1,0,0,0,0,1.643,168.9,31.9,3.038,212.8,259.0268,5.097886,14.29319,13.88776,14.10931,13.954,13.60371,13.66653,13.38694,14.37778,23.56,23.84,23.53,23.77,24.02,24.01,24.22,23.41
"2020-05-07 18:52:00",1291,0,1,0,0,0,0,0.733,158,46.13,1.862,310.7,277.2767,5.060599,14.2165,13.76576,14.01901,13.83704,13.50629,13.58739,13.30756,14.30498,24.58,24.91,24.53,24.84,24.93,24.81,24.87,24.58
"2020-05-07 18:53:00",1292,0,1,0,0,0,0,3.192,153.7,23.11,5.841,207.2,296.5267,6.828187,14.30048,13.87245,14.10311,13.96271,13.59701,13.64378,13.36164,14.37838,23.31,23.5,23.37,23.54,23.66,23.74,23.84,23.53
"2020-05-07 18:54:00",1293,0,1,0,0,0,0,2.212,149.4,40.2,4.351,233.3,335.8218,13.43121,14.35329,13.90271,14.15618,14.00786,13.64254,13.66702,13.39199,14.47202,23.31,23.71,23.41,23.64,23.66,23.73,24,23.31
"2020-05-07 18:55:00",1294,0,1,0,0,0,0,0.993,167.8,50.47,2.215,200.8,392.2371,26.45091,14.3148,13.82662,14.12293,13.94755,13.57514,13.63461,13.35934,14.43264,23.87,24.01,23.76,24.05,23.96,23.94,24.13,23.77
"2020-05-07 18:56:00",1295,0,1,0,0,0,0,2.025,195,14.52,3.802,219.7,588.2936,213.8954,14.26186,13.80057,14.07622,13.92364,13.55173,13.6317,13.36534,14.38433,24.08,23.94,23.88,23.99,24.05,24,24.09,24.05
"2020-05-07 18:57:00",1296,0,1,0,0,0,0,1.909,167.5,27.74,3.234,216.1,489.2458,94.21922,14.31745,13.83548,14.16441,13.99036,13.60112,13.6593,13.42419,14.46264,24.2,24.59,24.17,24.42,24.77,24.84,24.91,24.03
"2020-05-07 18:58:00",1297,0,1,0,0,0,0,2.775,188.9,26.88,4.41,262.9,662.4473,222.3419,14.50807,14.02357,14.35532,14.16274,13.79,13.87043,13.60085,14.62795,23.81,23.87,23.61,23.87,23.79,23.76,23.93,23.94
"2020-05-07 18:59:00",1298,0,1,0,0,0,0,2.532,188.4,27.4,4.312,230,379.9117,6.905617,14.62943,14.11503,14.42211,14.22181,13.8564,13.89042,13.56971,14.74023,23.26,23.56,23.14,23.46,23.59,23.57,23.84,23.22
"2020-05-07 19:00:00",1299,0,1,0,0,0,0,2.548,200.7,20.86,3.998,229,379.3206,3.711994,14.56716,14.01285,14.32523,14.12696,13.72507,13.71313,13.3859,14.69011,23.39,24,23.34,23.81,23.9,23.93,24.12,23.28
"2020-05-07 19:01:00",1300,0,1,0,0,0,0,1.769,153,34.39,3.508,225.2,365.3029,6.513082,14.39039,13.88833,14.17635,13.99769,13.60459,13.59896,13.27128,14.50966,23.56,24,23.63,23.91,24.19,24.36,24.5,23.48
"2020-05-07 19:02:00",1301,0,1,0,0,0,0,1.339,197.4,28.86,2.411,250.5,347.5636,2.844276,14.31383,13.84622,14.10748,13.95022,13.58441,13.57858,13.27013,14.45845,23.35,23.84,23.43,23.74,24.18,24.42,24.78,23.16
"2020-05-07 19:03:00",1302,0,1,0,0,0,0,2.03,184.3,21.09,3.41,250.5,471.0008,75.71737,14.26424,13.84654,14.06646,13.91915,13.55943,13.60721,13.32247,14.42638,24.73,24.49,24.54,24.61,24.56,24.54,24.74,24.58
"2020-05-07 19:04:00",1303,0,1,0,0,0,0,2.328,158,32.46,3.979,249.9,477.2399,87.73255,14.35912,13.8814,14.20375,14.01613,13.63058,13.69653,13.41969,14.49173,24.6,24.81,24.51,24.74,24.89,24.97,25.27,24.62
"2020-05-07 19:05:00",1304,0,1,0,0,0,0,3.995,144.5,25.27,5.802,177.3,384.6018,44.66323,14.54936,13.97156,14.36637,14.13314,13.71049,13.76302,13.53515,14.64216,24.5,25.11,24.58,24.94,25.29,25.42,25.63,24.42
"2020-05-07 19:06:00",1305,0,1,0,0,0,0,3.802,161.9,24.45,5.253,206.6,416.2937,50.50905,14.48927,13.96379,14.27356,14.08018,13.71937,13.81425,13.58864,14.55802,25.66,25.85,25.58,25.77,25.97,25.91,26.02,25.58
"2020-05-07 19:07:00",1306,0,1,0,0,0,0,2.247,170.3,14.72,3.469,209.4,331.523,34.83339,14.34029,13.88011,14.13529,13.95704,13.6346,13.71161,13.4793,14.42969,25.93,26.07,25.84,26.01,26.27,26.35,26.48,25.78
"2020-05-07 19:09:00",0,0,0.25,0,0,0,0,1.666,162.5,43.08,1.862,225,314.2874,1.011517,13.99829,13.52042,13.79007,13.60384,13.28114,13.39901,13.16848,14.11225,25.51,26.01,25.48,25.85,26.04,25.92,25.95,25.3
"2020-05-07 19:10:00",1,0,1,0,0,0,0,2.79,145.1,19.47,5.214,225,300.6634,5.96484,13.97808,13.52648,13.79118,13.59646,13.27919,13.37019,13.1491,14.08437,25.83,25.98,25.73,25.98,26.26,26.27,26.37,25.65
"2020-05-07 19:11:00",2,0,1,0,0,0,0,2.656,154.4,33.23,4.626,209.6,297.1737,4.480834,13.92782,13.50367,13.77588,13.58296,13.27907,13.35449,13.09638,14.03711,26.28,26.43,26.02,26.32,26.46,26.59,26.79,26.3
"2020-05-07 19:12:00",3,0,1,0,0,0,0,2.066,162.8,41.55,3.567,243.6,285.6887,5.500134,13.91179,13.48299,13.74644,13.55287,13.27858,13.35779,13.07644,14.0227,25.99,26.36,26.09,26.36,26.43,26.56,26.76,25.87
"2020-05-07 19:13:00",4,0,1,0,0,0,0,2.507,151.4,35.35,4.92,209.1,266.124,6.161632,13.91638,13.45325,13.71136,13.53307,13.26113,13.3137,13.0491,14.00252,26.42,26.76,26.39,26.69,26.74,26.68,26.88,26.29
"2020-05-07 19:14:00",5,0,1,0,0,0,0,1.867,157.2,29.06,3.43,200.7,251.1252,3.351996,13.85072,13.38385,13.65353,13.49092,13.17753,13.21327,12.90884,13.97521,26.03,26.57,26.07,26.43,26.66,26.75,27.14,25.91
"2020-05-07 19:15:00",6,0,1,0,0,0,0,0.987,199.1,16.15,3.822,226.9,240.5305,2.970697,13.81698,13.34441,13.61663,13.42296,13.1012,13.13932,12.84956,13.93252,28.07,28.16,28.02,28.19,27.99,27.89,28.03,27.93
"2020-05-07 19:16:00",7,0,1,0,0,0,0,2.282,175.2,17.34,3.998,226.9,230.9233,2.415385,13.82326,13.38084,13.63376,13.47603,13.13318,13.18122,12.91473,13.93676,27.29,27.45,27.33,27.41,27.6,27.73,27.96,27.25
"2020-05-07 19:17:00",8,0,1,0,0,0,0,1.557,196.2,31.47,2.724,236.5,221.2643,3.115922,13.88788,13.43688,13.71857,13.54165,13.18903,13.23793,12.97701,13.99186,27.2,27.47,27.17,27.43,27.49,27.5,27.73,27.15
"2020-05-07 19:18:00",9,0,1,0,0,0,0,1.411,207.5,43.08,2.136,348.3,208.8344,3.915348,13.94091,13.43843,13.74448,13.55192,13.18833,13.25948,12.98586,14.01826,26.55,26.83,26.79,26.89,26.87,27.01,27.26,26.51
"2020-05-07 19:19:00",10,0,1,0,0,0,0,2.261,185.5,28.79,4.096,233.3,195.0497,3.95171,13.86755,13.40683,13.71464,13.51757,13.1637,13.26925,12.99415,13.96732,26.62,26.99,26.65,26.92,27.01,27.02,27.15,26.62
"2020-05-07 19:20:00",11,0,1,0,0,0,0,2.2,204.9,26.61,3.018,245.2,183.6003,2.691217,13.83832,13.38232,13.68091,13.49134,13.13678,13.22273,12.91384,13.93092,26.65,27.05,26.62,26.95,27.21,27.34,27.59,26.59
"2020-05-07 19:21:00",12,0,1,0,0,0,0,1.178,199.5,25.79,1.784,241.2,174.8539,2.484375,13.77487,13.29983,13.59516,13.3957,13.06406,13.13873,12.85361,13.87412,27.17,27.77,27.35,27.69,27.93,27.89,28.1,27.02
"2020-05-07 19:22:00",13,0,1,0,0,0,0,1.55,217.2,46.06,3.842,297.3,165.7183,2.660709,13.71207,13.25532,13.5623,13.36876,13.00764,13.12123,12.85524,13.84148,27.09,27.62,27.18,27.59,27.83,27.76,27.83,26.98
"2020-05-07 19:23:00",14,0,1,0,0,0,0,2.412,207.9,17.55,4.782,239.7,158.8784,0.9075892,13.66175,13.2406,13.5326,13.34642,13.0079,13.11896,12.83683,13.77692,27.23,27.51,27.16,27.47,27.52,27.54,27.77,27.21
"2020-05-07 19:24:00",15,0,1,0,0,0,0,1.555,239.6,32.14,4.43,282.3,159.543,1.624618,13.55281,13.15134,13.41625,13.24054,12.9288,13.01217,12.75022,13.65902,28.24,28.5,28.25,28.55,28.47,28.29,28.51,28.21
"2020-05-07 19:25:00",16,0,1,0,0,0,0,1.924,205.2,33.38,2.803,257.8,171.1215,5.581449,13.50638,13.0977,13.35899,13.1888,12.87063,12.9391,12.71303,13.59827,27.94,28.28,28.01,28.19,28.31,28.28,28.31,27.73
"2020-05-07 19:26:00",17,0,1,0,0,0,0,1.508,189.8,38.71,2.822,277.5,203.2665,15.64899,13.4827,13.07454,13.33361,13.15334,12.87113,12.93666,12.71419,13.56693,28.43,28.55,28.44,28.71,28.08,27.79,27.77,28.31
"2020-05-07 19:27:00",18,0,1,0,0,0,0,1.315,202.4,36.85,4.684,273.2,280.9225,31.53069,13.53743,13.13426,13.39079,13.24678,12.87141,12.93952,12.71898,13.59699,27.42,27.48,27.34,27.64,27.59,27.6,27.78,27.47
"2020-05-07 19:28:00",19,0,1,0,0,0,0,3.067,223.5,14.76,4.704,248.1,367.6732,13.72851,13.53108,13.12532,13.3896,13.24659,12.84179,12.90712,12.6498,13.58775,27.85,28.09,27.86,28.09,28.28,28.25,28.41,27.86
"2020-05-07 19:29:00",20,0,1,0,0,0,0,1.846,203.1,24.21,2.666,250.2,396.5978,5.390073,13.3055,12.91986,13.18905,13.04729,12.67052,12.74586,12.50189,13.37378,28.6,28.97,28.67,28.9,29.09,29.03,29.26,28.64
"2020-05-07 19:30:00",21,0,1,0,0,0,0,1.132,215.1,64.31,3.548,290.7,381.7559,12.10975,13.2759,12.90612,13.16677,13.02168,12.6588,12.73499,12.51517,13.363,29.66,29.56,29.55,29.62,29.61,29.75,30.02,29.71
"2020-05-07 19:31:00",22,0,1,0,0,0,0,3.025,176.8,30.1,7.076,240.2,348.5698,6.611069,13.47602,13.03798,13.32908,13.16457,12.77334,12.84668,12.61573,13.5986,31,31.7,31.18,31.54,31.87,31.95,31.96,30.93
"2020-05-07 19:32:00",23,0,1,0,0,0,0,1.566,203.4,33.16,5.057,284.9,328.8377,5.598543,13.52919,13.07392,13.37988,13.18045,12.78149,12.81968,12.49913,13.69827,31.91,32.35,31.96,32.31,32.54,32.64,33.03,31.6
"2020-05-07 19:33:00",24,0,1,0,0,0,0,2.904,197.6,19.17,6.252,232,338.8385,36.86954,13.52949,13.00402,13.32337,13.1045,12.70798,12.7138,12.38249,13.69327,32.99,33.28,32.89,33.28,33.42,33.54,33.8,32.93
"2020-05-07 19:34:00",25,0,1,0,0,0,0,2.272,183.8,51.94,5.214,265.5,366.1687,41.51267,13.42495,12.86709,13.19278,12.97929,12.57213,12.54602,12.20938,13.57598,34.74,34.49,34.32,34.55,34.37,34.35,34.65,34.5
"2020-05-07 19:35:00",26,0,1,0,0,0,0,2.179,184.7,25.31,3.998,218,352.2738,11.74941,13.32812,12.71868,13.07881,12.86036,12.39315,12.38666,12.0519,13.47984,34.21,34.45,34.23,34.39,34.55,34.82,34.81,34
"2020-05-07 19:36:00",27,0,1,0,0,0,0,2.994,212,27.69,3.979,263.7,377.405,12.17292,13.23983,12.58668,13.00155,12.76126,12.2425,12.26461,11.93745,13.38215,33.12,33.85,33.18,33.65,34.16,34.27,34.62,33
"2020-05-07 19:37:00",28,0,1,0,0,0,0,3.58,214.7,22.8,5.351,259.2,388.73,11.84234,13.0515,12.41804,12.85078,12.60995,12.14001,12.19027,11.88866,13.19282,31.75,32.45,31.79,32.28,32.57,32.74,33.25,31.53
"2020-05-07 19:38:00",29,0,1,0,0,0,0,2.698,229.8,14.92,4.038,259.2,350.1046,31.25727,12.77267,12.1633,12.56649,12.33945,11.91309,11.98662,11.74414,12.87601,31.31,32.22,31.47,31.95,32.41,32.51,32.8,31.14
"2020-05-07 19:39:00",30,0,1,0,0,0,0,1.336,255.3,23.27,2.254,284.5,308.1252,3.390041,12.43073,11.94264,12.25757,12.06653,11.72672,11.83562,11.62419,12.53722,32.11,33.07,32.34,32.83,33.31,33.35,33.44,31.95
"2020-05-07 19:40:00",31,0,1,0,0,0,0,1.129,203.6,13.88,1.646,257.1,322.0686,27.31826,12.25647,11.90808,12.11725,11.96989,11.73374,11.86217,11.67053,12.3874,34.58,34.43,34.59,34.61,34.41,34.33,34.23,34.65
"2020-05-07 19:41:00",32,0,1,0,0,0,0,1.619,198.2,11.76,2.038,227.3,405.1884,14.00377,12.42994,12.15384,12.31517,12.1946,12.00456,12.13333,11.91696,12.55013,31.53,31.93,31.63,31.86,31.97,32.09,32.12,31.55
"2020-05-07 19:42:00",33,0,1,0,0,0,0,0.769,226.1,18.35,1.607,264.5,373.2758,22.44115,12.59561,12.30729,12.4536,12.34713,12.14117,12.24473,11.98538,12.6945,31.99,32.35,32.06,32.31,32.6,32.55,32.67,32.02
"2020-05-07 19:43:00",34,0,1,0,0,0,0,1.784,233.4,21.87,3.548,274.5,390.108,13.56482,12.65861,12.38976,12.51095,12.41364,12.23509,12.33605,11.986,12.74809,32.36,32.48,32.41,32.57,32.34,32.41,32.86,32.28
"2020-05-07 19:44:00",35,0,1,0,0,0,0,1.158,187.2,30.35,2.019,244.5,418.6942,29.66674,12.66448,12.38953,12.52775,12.42154,12.23547,12.34411,12.00961,12.75633,32.98,33.37,33.1,33.35,33.22,33.35,33.74,32.93
"2020-05-07 19:45:00",36,0,1,0,0,0,0,1.877,216.3,22.27,3.959,242.7,498.3424,26.13387,12.80134,12.51428,12.72132,12.62001,12.32119,12.40239,12.12384,12.92952,33.38,33.85,33.46,33.71,34.03,34.16,34.42,33.36
"2020-05-07 19:46:00",37,0,1,0,0,0,0,1.751,185.7,32.21,2.568,274.6,453.2726,25.19801,12.93223,12.61907,12.81946,12.7243,12.40176,12.49119,12.16486,13.04735,33.8,33.88,33.82,33.97,33.9,33.95,34.1,33.67
"2020-05-07 19:47:00",38,0,1,0,0,0,0,2.012,211.5,30.59,2.783,268.1,481.1864,19.79352,13.06037,12.65598,12.91823,12.80074,12.41196,12.46869,12.11157,13.15033,32.98,33.45,33.03,33.29,33.53,33.74,34.21,32.77
"2020-05-07 19:48:00",39,0,1,0,0,0,0,0.946,200.1,22.19,1.686,243.7,498.6541,16.18769,13.05066,12.57577,12.88653,12.73027,12.33712,12.35358,11.99792,13.15659,34.26,34.5,34.2,34.45,34.55,34.62,35.1,34.1
"2020-05-07 19:49:00",40,0,1,0,0,0,0,1.214,205.1,27.13,3.293,254.8,352.018,57.28031,13.10956,12.62052,12.95348,12.77611,12.35093,12.39935,12.06614,13.21102,34.03,34.4,33.97,34.25,34.52,34.94,35.22,34.05
"2020-05-07 19:50:00",41,0,1,0,0,0,0,1.971,230.6,25.81,3.92,287.7,505.8979,10.40731,13.26091,12.72343,13.08426,12.88793,12.43056,12.50344,12.16033,13.3544,34.09,34.47,34.04,34.22,34.69,34.79,35.14,33.91
"2020-05-07 19:51:00",42,0,1,0,0,0,0,2.479,241.6,24.49,3.822,287.7,442.4261,42.30275,13.34134,12.79479,13.14657,12.95571,12.50722,12.5805,12.26074,13.42086,33.02,33.46,33.04,33.29,33.57,33.75,34.13,32.99
"2020-05-07 19:52:00",43,0,1,0,0,0,0,2.488,243.5,26.57,3.646,296.8,436.9228,21.11572,13.28395,12.75806,13.08464,12.89574,12.49797,12.57254,12.25574,13.37428,32.17,32.81,32.21,32.61,32.88,33.06,33.45,32.19
"2020-05-07 19:53:00",44,0,1,0,0,0,0,2.123,218.1,30.35,4.234,278,322.9091,23.13817,13.12176,12.6526,12.92769,12.76252,12.42717,12.53371,12.26885,13.25265,32.07,32.74,32.27,32.67,32.9,32.95,33.35,31.94
"2020-05-07 19:54:00",45,0,1,0,0,0,0,2.429,237.1,25.16,4.077,291.7,385.8012,36.29412,13.02176,12.59921,12.85039,12.70241,12.40467,12.5315,12.34112,13.15284,31.88,32.47,32.05,32.37,32.57,32.65,32.81,31.8
"2020-05-07 19:55:00",46,0,1,0,0,0,0,1.135,194.9,25.35,2.979,222.5,444.5473,31.03177,12.86446,12.49632,12.70668,12.57429,12.30004,12.44588,12.26514,12.99586,33.08,33.49,33.25,33.4,33.41,33.48,33.54,32.87
"2020-05-07 19:56:00",47,0,1,0,0,0,0,1.22,149.5,19.94,1.96,196.9,454.8166,56.82613,12.88839,12.53112,12.74193,12.61754,12.32453,12.48839,12.28582,12.99878,32.69,33.05,32.82,33.04,33.16,33.13,33.34,32.69
"2020-05-07 19:57:00",48,0,1,0,0,0,0,0.593,216.5,41.7,1.333,272.7,651.693,49.29385,13.09871,12.72467,12.95496,12.82737,12.5043,12.65056,12.41368,13.20216,33.33,33.97,33.61,33.88,34.03,34.04,34.04,33.29
"2020-05-07 19:58:00",49,0,1,0,0,0,0,0.732,219.5,33.73,2.313,263.6,746.678,20.49847,13.40063,13.07293,13.27509,13.17258,12.82622,12.94847,12.69359,13.50611,32.51,33.12,32.74,33.29,33.38,33.37,33.57,32.4
"2020-05-07 19:59:00",50,0,1,0,0,0,0,2.034,216.4,19.43,2.646,263.6,724.0598,19.75049,13.61813,13.35984,13.5308,13.47708,13.11416,13.20243,12.89885,13.72353,30.55,30.8,30.46,30.57,30.85,30.92,31.32,30.56
"2020-05-07 20:00:00",51,0,1,0,0,0,0,1.214,213.6,29.04,2.254,257.8,745.3769,26.49729,13.55108,13.27692,13.49547,13.41306,13.02788,13.08732,12.74666,13.68102,30.48,30.73,30.52,30.6,30.72,30.79,31.43,30.38
"2020-05-07 20:01:00",52,0,1,0,0,0,0,0.822,223.5,25.84,1.686,263.5,657.8756,34.34362,13.36936,13.08231,13.31265,13.21681,12.83626,12.91284,12.58744,13.53277,30.85,31.08,30.81,30.94,31.15,31.31,31.73,30.59
"2020-05-07 20:02:00",53,0,1,0,0,0,0,0.327,170.5,16.92,1.254,198.4,599.6213,38.38462,13.39271,13.04464,13.30998,13.19907,12.83247,12.90837,12.59942,13.52602,31.17,31.68,31.24,31.54,31.77,31.92,32.53,30.99
"2020-05-07 20:03:00",54,0,1,0,0,0,0,1.297,174.3,18.73,2.489,201.9,457.321,91.83237,13.5695,13.18516,13.4619,13.36586,12.97794,13.05751,12.81512,13.65735,30.71,31.05,30.71,30.79,31.14,31.31,31.59,30.69
"2020-05-07 20:04:00",55,0,1,0,0,0,0,1.517,152,38.38,3.371,285.6,295.9611,35.99027,13.64188,13.27203,13.5458,13.41609,13.05197,13.13474,12.8563,13.74874,30.61,30.93,30.38,30.57,31.01,31.25,31.73,30.51
"2020-05-07 20:05:00",56,0,1,0,0,0,0,0.872,150.6,39.63,2.646,199.9,348.4766,14.57284,13.57607,13.16355,13.42748,13.25709,12.92099,13.02161,12.72879,13.68067,30.25,30.72,30.14,30.5,30.89,30.85,31.15,30.06
"2020-05-07 20:06:00",57,0,1,0,0,0,0,0.774,201.2,26.55,1.411,239.8,387.6727,35.07493,13.40928,12.95112,13.24801,13.06784,12.73739,12.85387,12.5547,13.5273,30.84,31.38,30.75,31.09,31.5,31.57,31.95,30.59
"2020-05-07 20:07:00",58,0,1,0,0,0,0,0.635,184.5,25.76,1.294,234.2,468.901,44.12075,13.4003,12.96626,13.24886,13.12705,12.76944,12.86139,12.53993,13.51442,30.55,31.18,30.55,30.96,31.46,31.58,31.86,30.36
"2020-05-07 20:08:00",59,0,1,0,0,0,0,0.596,184.6,25.48,1.313,225.6,455.1795,84.28085,13.40509,13.01811,13.26914,13.15733,12.83998,12.93,12.63781,13.52346,30.87,31.47,30.94,31.21,31.68,31.89,32.28,30.77
"2020-05-07 20:09:00",60,0,1,0,0,0,0,1.589,182.5,20.1,3.489,230.3,532.947,37.07375,13.48422,13.15498,13.35503,13.25393,12.98465,13.10124,12.86421,13.5673,30.48,30.69,30.32,30.6,30.59,30.66,30.95,30.46
"2020-05-07 20:10:00",61,0,1,0,0,0,0,1.651,188.9,22.4,2.764,213.6,607.8571,32.19292,13.58385,13.21078,13.41273,13.28509,13.04136,13.1602,12.90976,13.69786,29.76,30.26,29.81,30.11,30.26,30.3,30.65,29.65
"2020-05-07 20:11:00",62,0,1,0,0,0,0,0.423,215.5,31.74,1.235,289.2,707.5605,28.2059,13.69328,13.21256,13.4677,13.29856,13.0535,13.13901,12.90679,13.81843,31.2,30.89,30.92,30.99,30.98,31.11,31.4,30.88
"2020-05-07 20:12:00",63,0,1,0,0,0,0,0.709,172.6,77.63,1.901,268.7,706.1369,9.705678,14.00464,13.36741,13.75935,13.5691,13.15584,13.28286,13.02623,14.13791,30.09,30.63,30,30.36,30.65,30.68,30.89,30.08
"2020-05-07 20:13:00",64,0,1,0,0,0,0,1.114,174.6,29.04,1.705,215.3,668.611,18.54749,14.30566,13.67524,14.06862,13.88296,13.40993,13.52829,13.25029,14.46352,29.25,29.95,29.34,29.66,30.08,30.24,30.43,29.13
"2020-05-07 20:14:00",65,0,1,0,0,0,0,1.697,157.9,21.38,2.352,183.9,666.4241,6.432612,14.42391,13.82778,14.20537,13.98875,13.58197,13.6617,13.31985,14.55482,28.86,29.43,28.7,29.14,29.61,29.72,30.17,28.61
"2020-05-07 20:15:00",66,0,1,0,0,0,0,2.076,158.4,17.64,3.469,200,664.4064,0.8515937,14.23868,13.68066,13.98573,13.793,13.48057,13.58316,13.19969,14.35873,28.37,29.11,28.31,28.74,29.11,29.26,29.78,27.99
"2020-05-07 20:16:00",67,0,1,0,0,0,0,0.662,161.2,16.38,1.764,193.8,659.093,2.913005,14.05344,13.50124,13.78666,13.59563,13.26298,13.38807,13.0625,14.19114,29.08,29.65,29.15,29.56,29.79,29.91,30.3,28.83
"2020-05-07 20:17:00",68,0,1,0,0,0,0,0.477,126.1,41.81,1.058,182.9,654.5193,1.97993,14.04325,13.50112,13.82014,13.65287,13.24996,13.38652,13.15784,14.21576,29.09,30.05,29.09,29.72,29.91,29.8,29.9,28.7
"2020-05-07 20:18:00",69,0,1,0,0,0,0,0.874,162.2,10.47,2.822,176,651.9448,1.865768,14.32109,13.84642,14.12083,13.98198,13.56503,13.67707,13.43802,14.49268,29.28,29.63,29.22,29.46,29.59,29.59,29.72,29.14
"2020-05-07 20:19:00",70,0,1,0,0,0,0,1.372,159.8,35.8,3.116,223.4,656.1005,2.572306,14.66053,14.17809,14.46428,14.30735,13.85865,13.95138,13.685,14.83855,28.43,28.87,28.29,28.62,29.38,29.57,29.63,28.14
"2020-05-07 20:20:00",71,0,1,0,0,0,0,1.393,163.7,35.38,3.116,221.6,558.7227,62.72347,14.72431,14.2117,14.50949,14.33011,13.90845,14.03899,13.75394,14.85849,27.95,28.55,27.82,28.35,28.53,28.55,28.78,27.7
"2020-05-07 20:21:00",72,0,1,0,0,0,0,0.97,226.1,19.4,2.058,263.3,304.9623,57.81202,14.66412,14.16819,14.44386,14.28051,13.83744,13.92472,13.66628,14.79985,28,28.8,28.02,28.34,29.22,29.03,29.09,27.83
"2020-05-07 20:22:00",73,0,1,0,0,0,0,1.534,202.3,18.45,3.293,237.3,361.6966,71.99316,14.59865,14.12634,14.37675,14.27174,13.787,13.79632,13.50584,14.7278,28.54,28.91,28.45,28.72,28.99,29.1,29.32,28.39
"2020-05-07 20:23:00",74,0,1,0,0,0,0,1.401,196.7,14.87,2.411,217.9,163.2146,50.11546,14.49504,13.95803,14.26068,14.10323,13.62682,13.62356,13.267,14.62341,28.33,29.2,28.57,28.84,29.51,29.65,30.04,28.16
"2020-05-07 20:24:00",75,0,1,0,0,0,0,0.939,171.5,24.44,1.666,193.7,153.2686,9.213917,14.27183,13.73908,14.07063,13.87872,13.42048,13.4228,13.08233,14.4049,28.17,28.91,28.26,28.74,29.13,29.42,29.88,27.8
"2020-05-07 20:25:00",76,0,1,0,0,0,0,1.875,171.7,12.94,3.352,193.7,140.5318,0.5974135,14.08747,13.55327,13.88236,13.67238,13.23599,13.238,12.91492,14.19827,28.3,29.36,28.44,29.01,29.48,29.55,29.89,28.02
"2020-05-07 20:26:00",77,0,1,0,0,0,0,2.127,166.9,23.21,3.312,197.6,141.2496,0.3011486,13.86299,13.41597,13.69066,13.50117,13.09525,13.11064,12.76525,13.93991,28.56,29.1,28.44,28.88,29.45,29.53,29.88,28.48
"2020-05-07 20:27:00",78,0,1,0,0,0,0,1.542,161.5,16.99,2.626,188.7,143.3806,0.8750515,13.67387,13.27132,13.53554,13.33667,12.98306,13.00314,12.67773,13.76108,28.89,29.24,28.79,29.13,29.48,29.72,30.13,28.63
"2020-05-07 20:28:00",79,0,1,0,0,0,0,1.2,176.9,27.82,2.176,239.4,145.0377,0.3907098,13.59317,13.18532,13.45463,13.25672,12.91814,12.94211,12.62335,13.67074,29.37,29.79,29.29,29.67,30.11,30.27,30.52,29.26
"2020-05-07 20:29:00",80,0,1,0,0,0,0,1.204,164.3,23.26,2.881,192.2,140.1142,2.869716,13.54487,13.1359,13.41884,13.21817,12.91892,12.94175,12.62798,13.60921,29.27,29.87,29.19,29.75,30.06,30.2,30.49,29.07
"2020-05-07 20:30:00",81,0,1,0,0,0,0,1.194,160.7,22.93,1.705,201.3,125.7492,5.068771,13.44294,13.09251,13.32384,13.15278,12.87746,12.92417,12.6271,13.50769,29.56,29.96,29.45,29.81,30.04,30.14,30.46,29.48
"2020-05-07 20:31:00",82,0,1,0,0,0,0,0.658,183,22.17,1.235,249.3,107.9317,4.813112,13.35452,13.02784,13.24675,13.09921,12.82893,12.9075,12.6229,13.42913,30.26,30.66,30.16,30.58,30.8,30.83,30.95,30.13
"2020-05-07 20:32:00",83,0,1,0,0,0,0,0.782,181.2,18.38,1.47,206.7,93.33881,3.512821,13.35069,13.02938,13.24672,13.10028,12.82805,12.90246,12.68323,13.4229,30.48,30.63,30.44,30.75,30.77,30.7,30.98,30.39
"2020-05-07 20:33:00",84,0,1,0,0,0,0,1.416,184.3,16.86,2.195,217.1,82.88667,2.635908,13.34824,13.05724,13.24769,13.09877,12.85041,12.93675,12.71156,13.38601,29.44,29.77,29.42,29.66,29.84,29.95,30.2,29.48
"2020-05-07 20:34:00",85,0,1,0,0,0,0,1.228,182.6,10.62,1.842,205.8,75.09751,2.051836,13.32163,13.03117,13.2131,13.07537,12.83101,12.90829,12.69564,13.3586,30.19,30.37,30.13,30.49,30.23,30.18,30.41,30.16
"2020-05-07 20:35:00",86,0,1,0,0,0,0,0.944,185,23.31,2.509,219.7,68.42381,1.623337,13.26373,12.98186,13.1533,13.01264,12.75193,12.82371,12.60073,13.31269,30.77,30.89,30.66,30.95,30.81,30.8,30.95,30.67
"2020-05-07 20:36:00",87,0,1,0,0,0,0,0.802,191.7,34.12,2.528,309.6,63.44142,1.370698,13.25419,12.93861,13.15334,13.00706,12.7372,12.81136,12.57606,13.29428,31.13,31.36,31.11,31.33,31.34,31.27,31.4,30.98
"2020-05-07 20:37:00",88,0,1,0,0,0,0,1.258,184.6,22.48,2.156,230,60.07878,0.4684322,13.25725,12.93681,13.15375,13.00839,12.73778,12.81398,12.58187,13.29426,30.91,31.41,30.85,31.21,31.46,31.44,31.43,30.84
"2020-05-07 20:38:00",89,0,1,0,0,0,0,1.212,163.5,23.8,1.627,206.6,59.85092,0.4313892,13.25369,12.93568,13.15131,13.00458,12.7371,12.80958,12.57289,13.29478,30.74,31.02,30.74,30.97,31.09,31.28,31.44,30.69
"2020-05-07 20:39:00",90,0,1,0,0,0,0,0.91,174.8,18.69,1.764,216.1,62.81037,1.314833,13.22898,12.93773,13.15188,13.00517,12.73658,12.80295,12.5803,13.28364,31.77,31.86,31.76,32,31.85,31.87,32.05,31.85
"2020-05-07 20:40:00",91,0,1,0,0,0,0,1.307,183.9,21.73,2.313,239.6,68.22269,1.679129,13.20811,12.93691,13.15229,13.00708,12.73704,12.79974,12.57581,13.24882,31.58,31.66,31.34,31.63,31.6,31.55,31.73,31.61
"2020-05-07 20:41:00",92,0,1,0,0,0,0,1.591,172.3,17.64,2.94,202.2,74.38923,1.784419,13.20877,12.93543,13.15124,13.00478,12.73811,12.80156,12.56947,13.24905,30.83,30.82,30.76,30.88,30.86,30.93,31.17,30.69
"2020-05-07 20:42:00",93,0,1,0,0,0,0,1.818,168.3,43.76,3.018,244.9,79.89353,1.348343,13.20765,12.9221,13.12121,12.9918,12.70798,12.75379,12.51755,13.24873,31.17,31.17,30.9,30.98,31.01,30.98,31.14,31.07
"2020-05-07 20:43:00",94,0,1,0,0,0,0,2.007,181.2,23.79,3.45,225.4,84.25313,1.159178,13.20783,12.88178,13.06698,12.93175,12.6348,12.69671,12.45421,13.24924,30.57,30.76,30.56,30.76,30.98,31.2,31.54,30.53
"2020-05-07 20:44:00",95,0,1,0,0,0,0,1.967,177.2,27.36,2.724,242.5,87.08784,0.5686084,13.13435,12.78173,12.9631,12.80842,12.55203,12.6425,12.44102,13.21079,31.02,31.24,30.91,31.21,31.49,31.47,31.64,30.85
"2020-05-07 20:45:00",96,0,0.667,0.333,0,0,0,0.493,174.1,30.75,0.784,242.5,89.56902,0.7127385,13.07007,12.70798,12.88376,12.73113,12.51001,12.62475,12.39684,13.15819,33.42,33.12,33.19,33.16,32.67,32.48,32.62,33.48
"2020-05-07 20:46:00",97,0,0,1,0,0,0,0.763,175.1,16.61,1.882,210.1,92.01193,0.8251274,13.06935,12.73693,12.89261,12.759,12.5211,12.61808,12.43915,13.15819,34.02,33,33.58,33.27,33.16,33.22,33.09,34.65
"2020-05-07 20:47:00",98,0,0,1,0,0,0,0.988,183.1,40.84,1.842,239.4,94.81152,0.7754843,13.06943,12.79523,12.92136,12.77618,12.55497,12.61729,12.44201,13.15784,34.68,33.58,34.34,34.07,33.57,33.58,33.37,34.85
"2020-05-07 20:48:00",99,0,0,1,0,0,0,0.474,202.2,41.1,1.196,243.5,97.45554,0.5394198,13.06714,12.79798,12.92154,12.80159,12.55549,12.62937,12.43549,13.15799,35.98,36.34,35.75,36.3,35.33,35.16,34.16,36.08
"2020-05-07 20:49:00",100,0,0,1,0,0,0,1.369,152.9,50.73,3.214,225.5,98.145,0.1452973,13.06812,12.79906,12.92077,12.8208,12.59975,12.67036,12.44325,13.15752,38.1,36.45,37.71,37.12,36.22,35.98,35.66,38.29
"2020-05-07 20:50:00",101,0,0,1,0,0,0,1.285,201.1,35.79,2.803,250.4,99.5021,1.341661,13.06892,12.80111,12.93894,12.82274,12.60159,12.67617,12.43896,13.15786,34.14,33.84,34.15,34.1,33.69,33.87,34.01,34.14
"2020-05-07 20:51:00",102,0,0.833,0.167,0,0,0,2.406,209.2,25.2,5.135,278.2,108.8383,2.743735,13.04965,12.73205,12.91615,12.79472,12.52878,12.62314,12.37274,13.10847,33.31,32.77,33.19,33.23,32.6,32.45,32.38,33.53
"2020-05-07 20:52:00",103,0,1,0,0,0,0,0.746,192.8,68.1,1.646,261.7,121.4194,5.207099,12.95038,12.63639,12.80771,12.70422,12.43753,12.53739,12.31529,12.99889,35.48,34.88,35.34,35.3,34.71,34.5,34.23,35.72
"2020-05-07 20:53:00",104,0,1,0,0,0,0,1.364,194.7,54.51,3.469,306.4,150.6559,12.10369,12.93186,12.61772,12.78339,12.68596,12.41867,12.52669,12.29768,12.97603,34.69,34.04,34.24,34.2,33.79,33.64,33.32,34.69
"2020-05-07 20:54:00",105,0,1,0,0,0,0,1.756,141.6,25.45,3.175,199.1,213.6329,28.64017,12.93018,12.61892,12.78418,12.68436,12.41769,12.52808,12.30411,12.97441,32.73,32.42,32.62,32.61,32.31,32.27,32.24,32.78
"2020-05-07 20:55:00",106,0,1,0,0,0,0,1.259,164.8,19.1,2.764,190.2,364.4577,50.82654,12.93701,12.6182,12.79024,12.6916,12.42304,12.54313,12.34421,13.00571,32.27,32.35,32.06,32.25,32.36,32.07,32.02,32.37
"2020-05-07 20:56:00",107,0,1,0,0,0,0,1.447,165.5,29.58,2.509,207.3,473.7001,37.00298,13.02566,12.69429,12.86838,12.77239,12.49609,12.619,12.39835,13.09588,33.31,33.36,33.2,33.19,32.77,32.52,32.04,33.35
"2020-05-07 20:57:00",108,0,1,0,0,0,0,0.978,169.9,22.52,2.097,220.3,547.8588,19.18886,13.23144,12.88044,13.07944,12.9734,12.67324,12.793,12.5729,13.31508,32.63,32.55,32.7,32.67,32.23,32.01,32.09,32.63
"2020-05-07 20:58:00",109,0,1,0,0,0,0,0.474,252.1,54.55,0.96,350.3,423.8504,54.50084,13.53261,13.1593,13.38254,13.2868,12.94003,13.03373,12.81549,13.62193,33.12,33.29,33.35,33.64,33.32,33.55,33.27,33.17
"2020-05-07 20:59:00",110,0,1,0,0,0,0,2.443,223,30.74,5.096,283.8,336.7118,85.17046,13.80869,13.46983,13.66251,13.58668,13.27544,13.38751,13.10958,13.90569,32.02,31.89,31.92,31.85,31.85,32.06,32.15,31.96
"2020-05-07 21:00:00",111,0,1,0,0,0,0,0.671,217.2,24.31,1.901,261.3,246.3049,8.818616,13.88447,13.45461,13.72078,13.59162,13.23928,13.33382,13.02868,13.96834,32.17,32.06,31.9,32.03,32.02,32.03,32.31,32.18
"2020-05-07 21:01:00",112,0,1,0,0,0,0,0.5,159.4,42.33,1.156,222.3,218.2429,7.090358,13.78278,13.28967,13.59167,13.43856,13.06553,13.15296,12.9062,13.90129,32.73,32.84,32.74,32.94,32.9,32.83,33.09,32.57
"2020-05-07 21:02:00",113,0,1,0,0,0,0,1.695,219.1,36.55,3.254,282.7,198.8702,3.708314,13.74539,13.24053,13.54894,13.39346,13.02852,13.10161,12.86407,13.87012,31.39,31.86,31.52,31.74,32.05,32.07,32.18,31.33
"2020-05-07 21:03:00",114,0,1,0,0,0,0,1.143,270.1,34.2,2.764,317.9,202.1921,15.0841,13.5773,13.09821,13.39884,13.2492,12.86884,12.96743,12.70179,13.70429,31.56,32.1,31.55,31.83,32.22,32.26,32.57,31.37
"2020-05-07 21:04:00",115,0,1,0,0,0,0,0.485,242.8,46.53,0.941,323.9,173.0105,1.219236,13.38955,12.96903,13.23337,13.09707,12.74791,12.85077,12.61705,13.5076,31.68,32.13,31.73,31.99,32.28,32.35,32.63,31.69
"2020-05-07 21:05:00",116,0,1,0,0,0,0,0.648,162.2,17.42,1.137,191.6,169.5411,1.931743,13.27163,12.89197,13.13364,13.00602,12.69085,12.80504,12.58578,13.39115,32.12,32.68,32.28,32.51,32.52,32.43,32.63,32.01
"2020-05-07 21:06:00",117,0,1,0,0,0,0,0.97,175.2,14.11,1.823,208.1,167.1402,0.231885,13.25575,12.89294,13.10789,13.00683,12.69119,12.81473,12.57705,13.35406,32.27,32.32,32.08,32.22,32.5,32.58,32.8,32.09
"2020-05-07 21:07:00",118,0,1,0,0,0,0,0.493,191.8,37.01,1.274,260.3,168.046,0.1695622,13.25513,12.89254,13.10683,12.96381,12.69056,12.80546,12.57437,13.30322,33.53,33.66,33.58,33.8,33.7,33.48,33.52,33.34
"2020-05-07 21:08:00",119,0,1,0,0,0,0,0.657,228.2,60.12,1.784,312.2,166.2059,1.034151,13.25507,12.92192,13.10771,12.95998,12.70723,12.80312,12.5832,13.29404,32.99,33.29,33.06,33.29,33.55,33.88,33.76,32.87
"2020-05-07 21:09:00",120,0,1,0,0,0,0,1.148,188.1,27.14,2.411,228.9,161.197,1.650271,13.23569,12.92516,13.09458,12.95952,12.73317,12.81027,12.54864,13.28669,32.32,32.4,32.21,32.37,32.47,32.48,32.86,32.44
"2020-05-07 21:10:00",121,0,1,0,0,0,0,0.709,171.8,26.36,1.039,218,156.4696,0.8984527,13.17224,12.82268,13.03533,12.89876,12.64552,12.70763,12.43459,13.22688,32.14,32.41,32.15,32.51,32.37,32.57,32.89,32.38
"2020-05-07 21:11:00",122,0,1,0,0,0,0,0.382,172,17.14,1.058,211.9,161.0856,6.643138,13.12867,12.76298,13.01542,12.86986,12.5672,12.62248,12.39287,13.20366,32.47,32.73,32.38,32.61,32.93,33.13,33.39,32.41
"2020-05-07 21:12:00",123,0,1,0,0,0,0,0.43,132.8,6.29,1.548,293.9,193.0873,7.703789,13.11793,12.75536,13.0138,12.87076,12.55636,12.64171,12.41578,13.20356,32.91,32.79,32.61,32.87,32.88,32.88,33.16,33.09
"2020-05-07 21:13:00",124,0,1,0,0,0,0,1.591,163.9,14.93,2.078,190.6,220.9829,47.45012,13.11791,12.7549,13.01577,12.87063,12.55392,12.67225,12.48277,13.20436,32.2,32.16,31.69,31.92,32.18,32.02,32.17,32.28
"2020-05-07 21:14:00",125,0,1,0,0,0,0,1.155,158.9,13.87,1.921,172.4,273.9138,32.30183,13.11943,12.75545,13.01714,12.86938,12.55526,12.64608,12.45678,13.20561,31.75,32.13,31.75,32.08,32.21,32.28,32.5,31.66
"2020-05-07 21:15:00",126,0,1,0,0,0,0,1.514,166.5,22.59,2.274,211.3,247.9953,12.37329,13.14108,12.75568,13.01581,12.87015,12.55627,12.62932,12.43863,13.24146,31.81,32.29,31.79,32.17,32.48,32.6,32.8,31.79
"2020-05-07 21:16:00",127,0,1,0,0,0,0,1.398,121.9,15.83,2.195,155.8,290.2401,15.54582,13.16328,12.75566,13.01632,12.87001,12.55467,12.62601,12.44596,13.24624,31.38,31.89,31.43,31.73,32.12,32.15,32.44,31.13
"2020-05-07 21:17:00",128,0,1,0,0,0,0,0.776,145.3,31.28,1.49,193.9,259.9381,12.12491,13.10472,12.69901,12.95473,12.77499,12.51841,12.62134,12.44835,13.16214,32.72,33.1,32.69,32.96,33.12,33.01,33.09,32.64
"2020-05-07 21:18:00",129,0,1,0,0,0,0,0.31,134.3,9.86,0.941,158.2,227.2083,27.70838,13.0739,12.69224,12.92595,12.75623,12.5387,12.6619,12.47372,13.11007,32.79,32.97,32.64,32.87,33.15,33.11,33.21,32.67
"2020-05-07 21:19:00",130,0,1,0,0,0,0,0.255,156.3,28.62,0.764,208.2,185.6001,3.236468,13.08474,12.78281,12.95913,12.84722,12.64903,12.76624,12.58285,13.13175,32.52,32.48,32.31,32.45,32.34,32.3,32.3,32.26
"2020-05-07 21:20:00",131,0,1,0,0,0,0,0.882,128.5,27.55,1.725,166.7,170.4614,4.301875,13.15713,12.8697,13.03981,12.92637,12.72631,12.83504,12.62213,13.20158,31.65,31.83,31.56,31.76,31.83,31.92,32.12,31.73
"2020-05-07 21:21:00",132,0,1,0,0,0,0,0.74,152,21.7,1.411,190.7,156.8851,3.229088,13.21027,12.89164,13.08004,12.96178,12.73639,12.85633,12.62902,13.24908,31.49,31.96,31.52,31.76,31.97,31.93,32.11,31.44
"2020-05-07 21:22:00",133,0,1,0,0,0,0,1.022,145.4,27.82,1.47,196.9,147.1252,2.336456,13.20891,12.89198,13.10866,12.96128,12.73806,12.84825,12.63156,13.29081,31.68,32.03,31.66,31.89,32.04,32.05,32.21,31.58
"2020-05-07 21:23:00",134,0,1,0,0,0,0,1.609,149.6,13.8,2.43,173.7,140.4706,1.436184,13.20829,12.89277,13.10614,12.95991,12.73605,12.82487,12.62534,13.29243,31.39,31.57,31.47,31.6,31.62,31.63,31.79,31.41
"2020-05-07 21:24:00",135,0,1,0,0,0,0,1.163,172,22.82,2.528,199.4,137.4888,3.075755,13.21021,12.87775,13.09965,12.94657,12.68445,12.79267,12.61537,13.28241,30.61,30.69,30.4,30.56,30.91,30.98,31.13,30.75
"2020-05-07 21:25:00",136,0,1,0,0,0,0,0.204,175,25.2,0.941,252.3,133.4325,0.3366241,13.19381,12.83601,13.04199,12.88147,12.64824,12.76036,12.57526,13.23712,30.5,30.72,30.28,30.66,30.91,31.01,31.19,30.52
"2020-05-07 21:26:00",137,0,1,0,0,0,0,1.514,167,14.31,2.587,195.5,133.5556,0.2880027,13.16254,12.80119,12.99644,12.87085,12.64653,12.76767,12.58114,13.20413,31.19,31.39,31.37,31.63,31.34,31.31,31.53,31.18
"2020-05-07 21:27:00",138,0,1,0,0,0,0,1.401,166.2,28.69,2.038,247.7,135.2151,0.5457348,13.13863,12.80026,12.97094,12.8708,12.64816,12.75624,12.58427,13.20424,31.54,31.79,31.43,31.79,31.77,31.73,31.75,31.66
"2020-05-07 21:28:00",139,0,1,0,0,0,0,1.849,160.7,17.52,2.391,195.3,135.9457,0.4027157,13.11822,12.80064,12.96911,12.86921,12.64748,12.76114,12.57655,13.20414,30.24,30.58,30.2,30.48,30.62,30.64,30.85,30.16
"2020-05-07 21:29:00",140,0,1,0,0,0,0,1.032,158.9,21.19,1.744,213.5,132.6192,1.555859,13.07941,12.7741,12.94555,12.8228,12.61512,12.7479,12.57301,13.13574,30.61,30.84,30.55,30.76,30.79,30.7,30.95,30.45
"2020-05-07 21:30:00",141,0,1,0,0,0,0,1.236,178.5,13.75,1.784,202.1,125.4174,2.547145,13.02284,12.75447,12.92369,12.77767,12.6022,12.71066,12.57779,13.11259,30.93,30.99,30.82,30.99,31.03,30.95,30.98,30.97
"2020-05-07 21:31:00",142,0,1,0,0,0,0,1.134,178,18.45,1.627,211,115.0007,3.398898,13.02869,12.75596,12.92689,12.79643,12.6017,12.714,12.55803,13.11277,30.94,30.99,30.88,31.07,30.94,30.94,31.06,31.01
"2020-05-07 21:32:00",143,0,1,0,0,0,0,0.75,168.6,28.08,1.176,204.4,102.7427,3.558886,13.06947,12.75624,12.96968,12.82482,12.60067,12.72215,12.53223,13.14994,31.3,31.27,31.14,31.21,31.34,31.37,31.59,31.38
"2020-05-07 21:33:00",144,0,1,0,0,0,0,1.331,156.5,24.44,2.391,206.4,90.88071,3.237859,13.1036,12.79761,12.98848,12.84068,12.61192,12.71215,12.52642,13.16523,31.35,31.6,31.25,31.56,31.66,31.7,31.86,31.35
"2020-05-07 21:34:00",145,0,1,0,0,0,0,2.834,147.5,13.44,4.332,172.7,80.44764,2.760617,13.14234,12.83823,13.01353,12.87039,12.64767,12.73668,12.57429,13.20375,30.87,31.18,30.86,31.17,31.21,31.17,31.24,30.85
"2020-05-07 21:35:00",146,0,1,0,0,0,0,1.132,163.1,19.62,2.881,212.3,71.91038,2.162827,13.14119,12.83419,12.99173,12.86267,12.64705,12.75857,12.57125,13.19417,31.05,31.26,30.94,31.21,31.43,31.47,31.43,31.01
"2020-05-07 21:36:00",147,0,1,0,0,0,0,1.87,159.2,14.85,4.253,185.1,64.65886,1.869194,13.08416,12.80039,12.93457,12.82135,12.62869,12.71768,12.52858,13.1427,30.81,31.05,30.82,31.04,31.17,31.18,31.24,30.75
"2020-05-07 21:37:00",148,0,1,0,0,0,0,1.271,169.9,31.24,2.92,218.5,58.3995,1.683077,13.04392,12.76549,12.89873,12.79684,12.60145,12.70874,12.5272,13.09424,31.46,31.54,31.34,31.54,31.53,31.56,31.6,31.57
"2020-05-07 21:38:00",149,0,1,0,0,0,0,0.74,172.2,40.77,2.156,229.6,52.80946,1.546418,13.02175,12.7557,12.8744,12.73982,12.56141,12.70999,12.53546,13.06783,31.72,31.74,31.67,31.89,31.76,31.73,31.79,31.75
"2020-05-07 21:39:00",150,0,1,0,0,0,0,1.271,156.9,48.61,2.607,285.9,48.12798,1.135676,13.02434,12.75539,12.87604,12.73013,12.5558,12.71856,12.53265,13.06695,31.82,31.62,31.76,31.66,31.49,31.53,31.63,31.89
"2020-05-07 21:40:00",151,0,1,0,0,0,0,1.127,162.6,16.49,2.215,186.4,44.75563,0.9144266,13.02189,12.7225,12.8744,12.73174,12.55683,12.69616,12.52485,13.06649,31.59,31.83,31.59,31.86,31.82,31.73,31.75,31.98
"2020-05-07 21:41:00",152,0,1,0,0,0,0,0.637,169.8,16.54,1.607,195.1,41.97115,0.6912836,13.02352,12.70806,12.87442,12.72912,12.55599,12.66415,12.49619,13.0668,31.91,31.78,31.6,31.8,31.88,31.96,31.84,32.08
"2020-05-07 21:42:00",153,0,1,0,0,0,0,1.648,149.8,17.27,3.744,195.1,39.49753,0.6686966,13.02071,12.70901,12.86364,12.73182,12.55679,12.66143,12.48564,13.06691,31.37,31.6,31.33,31.56,31.65,31.63,31.69,31.23
"2020-05-07 21:43:00",154,0,1,0,0,0,0,1.682,166,49.04,3.234,295.4,37.60807,0.4498098,12.98498,12.68693,12.82777,12.72568,12.51124,12.63079,12.44158,13.04885,31.06,31.32,31.09,31.31,31.4,31.47,31.56,30.99
"2020-05-07 21:44:00",155,0,1,0,0,0,0,0.779,167.2,25.45,1.098,200.2,36.24498,0.3957897,12.92818,12.6627,12.78483,12.6857,12.51061,12.62595,12.44249,12.98823,32.3,32.44,32.45,32.57,32.39,31.95,31.76,32.21
"2020-05-07 21:45:00",156,0,1,0,0,0,0,0.771,167.8,16.32,1.509,206.7,34.81269,0.4218602,12.90483,12.66211,12.78212,12.6844,12.5113,12.62967,12.43847,12.95261,31.71,31.96,31.77,32.02,31.99,31.81,31.88,31.57
"2020-05-07 21:46:00",157,0,1,0,0,0,0,1.101,167.4,20.77,1.96,207.1,33.4021,0.3388431,12.85667,12.6461,12.75278,12.66093,12.48478,12.60736,12.40797,12.89404,31.95,32.08,31.86,32.04,32.04,32.02,32.18,32.01
"2020-05-07 21:47:00",158,0,1,0,0,0,0,1.49,180.6,20.43,2.764,213.4,32.32252,0.3031789,12.83356,12.61808,12.72666,12.6399,12.46544,12.57104,12.39683,12.86059,31.49,31.6,31.4,31.56,31.6,31.56,31.8,31.54
"2020-05-07 21:48:00",159,0,1,0,0,0,0,0.514,146.3,29.64,1.548,314.8,31.38696,0.2821735,12.79326,12.59823,12.69021,12.60875,12.42425,12.53952,12.38901,12.84083,32.23,32.11,32.11,32.16,32.08,32.06,32.02,32.41
"2020-05-07 21:49:00",160,0,1,0,0,0,0,1.23,181.3,13.37,1.784,210,30.10782,0.4168524,12.79074,12.5716,12.68195,12.59566,12.42045,12.52711,12.38871,12.83115,31.68,31.6,31.57,31.7,31.7,31.7,31.66,31.85
"2020-05-07 21:50:00",161,0,1,0,0,0,0,0.861,150.9,22.51,1.509,195.8,28.49684,0.5267567,12.74758,12.57241,12.64436,12.57452,12.38977,12.52552,12.35059,12.79692,31.91,32.01,31.83,31.96,32,31.92,31.98,31.91
"2020-05-07 21:51:00",162,0,1,0,0,0,0,1.354,166.8,22.74,2.313,201.5,26.56434,0.5832084,12.73523,12.53046,12.61341,12.54766,12.37516,12.49235,12.32746,12.77745,31.96,31.7,31.96,31.89,31.62,31.63,31.72,31.86
"2020-05-07 21:52:00",163,0,1,0,0,0,0,0.717,144.8,36.76,1.235,248.4,24.59333,0.5680425,12.69904,12.50259,12.59963,12.50383,12.32826,12.45374,12.30343,12.7513,32.09,32,31.99,32.06,32.07,32.03,32.11,32.24
"2020-05-07 21:53:00",164,0,1,0,0,0,0,0.856,191.2,23.49,1.744,248.4,22.64572,0.5199989,12.70117,12.48294,12.59999,12.50157,12.32962,12.4396,12.30073,12.74829,31.91,32.19,31.91,32.16,32.14,32.12,32.18,31.95
"2020-05-07 21:54:00",165,0,1,0,0,0,0,1.403,176.5,16.8,1.921,208.7,21.12996,0.3345088,12.69988,12.48088,12.59225,12.50342,12.32937,12.43476,12.29756,12.74925,32.21,32.08,31.96,32.2,32.09,32.08,32.14,32.25
"2020-05-07 21:55:00",166,0,1,0,0,0,0,1.073,187.7,20.99,1.999,222.3,20.38077,0.1048332,12.67625,12.45306,12.54855,12.47314,12.30604,12.42551,12.26334,12.70795,32.63,32.47,32.45,32.47,32.41,32.4,32.47,32.67
"2020-05-07 21:56:00",167,0,1,0,0,0,0,0.815,178.5,19.88,1.607,211.1,20.26228,0.03005837,12.62375,12.40475,12.49819,12.41737,12.28388,12.38705,12.25182,12.64892,33.4,33.49,33.27,33.52,33.38,33.21,32.84,33.38
"2020-05-07 21:57:00",168,0,1,0,0,0,0,0.861,157.7,37.17,1.548,232.5,20.40787,0.05799847,12.59611,12.38946,12.46084,12.41171,12.25032,12.39134,12.25786,12.61356,32.5,32.6,32.49,32.64,32.5,32.44,32.37,32.44
"2020-05-07 21:58:00",169,0,1,0,0,0,0,0.346,183.4,38.38,1.019,225.8,20.55047,0.01361272,12.56287,12.38818,12.46075,12.41218,12.23877,12.39463,12.25527,12.61242,32.56,32.58,32.61,32.69,32.57,32.47,32.66,32.67
"2020-05-07 21:59:00",170,0,1,0,0,0,0,0.413,176.9,27.25,1.098,219.9,20.56306,0.00939068,12.56341,12.38934,12.46038,12.41081,12.23836,12.40021,12.25109,12.61156,32.88,32.78,32.74,32.8,32.83,32.8,32.86,33.25
"2020-05-07 22:00:00",171,0,1,0,0,0,0,0.639,160.6,48.45,2.176,268.4,20.62686,0.04777535,12.56181,12.39097,12.46034,12.411,12.2379,12.40081,12.26025,12.59875,32.83,32.51,32.55,32.57,32.62,32.48,32.51,32.99
"2020-05-07 22:01:00",172,0,1,0,0,0,0,1.163,175.7,30.31,2.176,205.2,20.9497,0.1463638,12.56238,12.38804,12.43145,12.38201,12.23839,12.39629,12.25081,12.56655,32.24,32.28,32.26,32.31,32.28,32.27,32.28,32.29
"2020-05-07 22:02:00",173,0,1,0,0,0,0,0.312,220.7,13.06,0.902,258.2,21.56984,0.1900494,12.56225,12.38818,12.41656,12.36551,12.23903,12.39069,12.25565,12.56596,33.88,34.39,34.04,34.41,33.87,33.29,32.8,33.69
"2020-05-07 22:03:00",174,0,1,0,0,0,0,0.397,177.8,40.95,1.529,228.9,22.33785,0.2326005,12.56165,12.38986,12.41663,12.36437,12.23841,12.3871,12.25686,12.56811,33.64,33.64,33.74,33.71,33.59,33.55,33.56,33.61
"2020-05-07 22:04:00",175,0,1,0,0,0,0,1.393,186.9,21.23,2.097,212.9,23.15132,0.2437541,12.56066,12.39002,12.41655,12.3654,12.23843,12.38634,12.24994,12.56664,32.69,32.73,32.73,32.79,32.57,32.54,32.64,32.76
"2020-05-07 22:05:00",176,0,1,0,0,0,0,0.887,169.1,19.87,1.705,208.8,23.95723,0.2220423,12.56188,12.38763,12.41621,12.36637,12.23813,12.38918,12.25919,12.56482,33.28,32.95,33.06,33.14,33.08,32.95,32.83,33.35
"2020-05-07 22:06:00",177,0,1,0,0,0,0,0.011,232.7,0,0.216,232.7,24.72691,0.233056,12.56081,12.38903,12.41529,12.36448,12.23818,12.39595,12.25342,12.56807,33.87,33.68,33.89,33.84,33.58,33.54,33.61,33.95
"2020-05-07 22:07:00",178,0,1,0,0,0,0,0.585,241.4,37.21,2.038,280.1,25.74306,0.3639771,12.56197,12.39035,12.41553,12.3647,12.23899,12.40086,12.25213,12.56528,34.34,34.09,34.1,34.29,33.87,33.68,33.6,34.52
"2020-05-07 22:08:00",179,0,1,0,0,0,0,1.614,237.4,16.59,2.352,282,27.1733,0.4475024,12.56188,12.37716,12.41486,12.36664,12.23895,12.3974,12.26069,12.56558,33.86,33.67,33.71,33.85,33.55,33.51,33.44,33.9
"2020-05-07 22:09:00",180,0,1,0,0,0,0,1.514,274.6,17.58,1.842,299,28.60871,0.3562797,12.54035,12.34351,12.41538,12.36535,12.23839,12.37491,12.24813,12.56838,36.4,35.3,36.09,35.92,34.72,34.41,34.26,36.79
"2020-05-07 22:10:00",181,0,1,0,0,0,0,1.769,266.4,11.24,2.254,292.1,29.64644,0.2521629,12.50293,12.32217,12.3856,12.33218,12.19223,12.34065,12.20947,12.5379,36.29,34.62,35.7,35.24,34.09,33.94,33.9,36.94
"2020-05-07 22:11:00",182,0,1,0,0,0,0,1.694,265.5,13.47,2.156,290.3,30.56844,0.2863084,12.46272,12.29192,12.33783,12.29046,12.15718,12.31496,12.19303,12.52077,37.54,36.64,37.65,37.51,35.88,35.31,34.87,38.06
"2020-05-07 22:12:00",183,0,1,0,0,0,0,2.597,271,16.63,3.469,297.7,31.68172,0.3645908,12.42258,12.25158,12.30296,12.27029,12.14862,12.30026,12.15909,12.49135,35.3,35.2,35.3,35.4,34.74,34.43,34.23,35.43
"2020-05-07 22:13:00",184,0,1,0,0,0,0,2.074,261.3,31.14,3.665,312.9,33.13751,0.4582961,12.42575,12.25098,12.2773,12.22658,12.14701,12.30706,12.16452,12.47365,34.2,34.17,34.17,34.26,33.93,33.78,33.41,34.35
"2020-05-07 22:14:00",185,0,1,0,0,0,0,2.314,244.4,25.2,3.881,284.1,34.77667,0.4540199,12.42495,12.25413,12.27777,12.22916,12.14671,12.30815,12.17396,12.47668,32.65,32.67,32.54,32.61,32.73,32.8,32.64,32.77
"2020-05-07 22:15:00",186,0,1,0,0,0,0,4.219,247.9,25.61,6.86,312.1,36.54176,0.5966528,12.42383,12.28104,12.29818,12.2646,12.17006,12.33169,12.21767,12.47684,30.74,30.46,30.67,30.62,30.18,30.11,30.16,30.8
"2020-05-07 22:16:00",187,0,1,0,0,0,0,2.873,256.4,27.57,4.665,317.6,38.51911,0.6089541,12.45283,12.36271,12.35947,12.3382,12.26978,12.43279,12.32567,12.48303,30.71,30.46,30.53,30.49,30.33,30.33,30.41,30.71
"2020-05-07 22:17:00",188,0,1,0,0,0,0,3.623,237.1,25.11,5.586,270.4,41.22071,0.9496872,12.5197,12.43868,12.42254,12.41083,12.34145,12.48926,12.39643,12.53336,29.25,29.07,29.16,29.16,28.92,28.82,28.98,29.45
"2020-05-07 22:18:00",189,0,1,0,0,0,0,3.074,253.9,11.73,4.645,270.9,44.62459,0.9463142,12.58407,12.50065,12.48668,12.481,12.39439,12.55764,12.44966,12.58932,28.82,28.48,28.73,28.62,28.25,28.09,27.86,28.83
"2020-05-07 22:19:00",190,0,1,0,0,0,0,2.705,259.3,16.42,4.724,280.3,47.73478,0.8630273,12.64531,12.55777,12.54495,12.53498,12.45941,12.62357,12.4944,12.65433,28.85,28.86,28.81,28.91,28.7,28.61,28.41,28.92
"2020-05-07 22:20:00",191,0,1,0,0,0,0,2.378,256.7,19.53,3.312,280.3,50.71352,0.8473319,12.69831,12.57319,12.59858,12.54823,12.46613,12.61984,12.53481,12.70476,29.77,29,29.45,29.31,28.86,28.63,28.44,29.94
"2020-05-07 22:21:00",192,0,1,0,0,0,0,1.529,280.2,27.18,2.607,332.1,55.42293,1.723866,12.7007,12.57169,12.59726,12.56097,12.46768,12.61565,12.52858,12.70217,29.38,28.77,29.25,29.13,28.54,28.42,28.41,29.48
"2020-05-07 22:22:00",193,0,1,0,0,0,0,1.341,236,31.87,2.568,294.5,56.35381,0.4541404,12.69904,12.59156,12.60038,12.59276,12.48309,12.63627,12.52585,12.72778,28.89,28.68,28.85,28.87,28.49,28.43,28.38,29.1
"2020-05-07 22:23:00",194,0,1,0,0,0,0,2.857,254,16.45,4.469,297.3,57.40294,0.1557614,12.73901,12.61873,12.63859,12.59545,12.51288,12.67465,12.53327,12.74874,27.69,27.64,27.63,27.7,27.62,27.53,27.6,27.76
"2020-05-07 22:24:00",195,0,1,0,0,0,0,2.301,253.9,20.91,3.744,298.7,55.3396,1.383781,12.74397,12.61828,12.64478,12.59262,12.51161,12.66508,12.53589,12.75008,27.92,27.89,27.88,27.96,27.82,27.73,27.67,27.86
"2020-05-07 22:25:00",196,0,1,0,0,0,0,2.292,255.3,21.24,3.606,299.3,52.48952,0.265193,12.74601,12.61907,12.64547,12.59563,12.51128,12.661,12.52773,12.74849,28.24,28.01,28.14,28.12,27.9,27.82,27.77,28.24
"2020-05-07 22:26:00",197,0,1,0,0,0,0,2.002,275,34.77,3.175,347.9,50.56301,0.9291589,12.74445,12.6194,12.64362,12.59243,12.51236,12.66897,12.52718,12.74946,28.24,28.12,28.06,28.14,28.1,28.05,28.03,28.27
"2020-05-07 22:27:00",198,0,1,0,0,0,0,2.835,278.1,24.85,3.548,311.9,48.50974,0.460399,12.74612,12.61975,12.64469,12.59491,12.51219,12.67209,12.53471,12.74818,28.76,28.22,28.64,28.53,28.05,28.16,27.96,28.93
"2020-05-07 22:28:00",199,0,1,0,0,0,0,1.919,258.3,32.58,3.802,318.1,46.28101,0.5542924,12.74397,12.61808,12.64457,12.59383,12.51176,12.66174,12.53466,12.74876,27.39,27.47,27.41,27.54,27.34,27.28,27.14,27.4
"2020-05-07 22:29:00",200,0,1,0,0,0,0,1.566,277,45.97,3.058,351.2,44.94862,0.1880937,12.74589,12.61802,12.64636,12.5937,12.51289,12.66235,12.52721,12.75065,28.52,28.25,28.48,28.4,27.95,27.83,27.73,28.54
"2020-05-07 22:30:00",201,0,1,0,0,0,0,3.29,258.3,25.3,4.645,333.1,44.96494,0.2710058,12.74391,12.61768,12.6444,12.59477,12.51162,12.67214,12.5262,12.74861,27.67,27.57,27.64,27.77,27.5,27.31,27.1,27.66
"2020-05-07 22:31:00",202,0,1,0,0,0,0,2.625,278.5,26.66,4.39,311,46.59978,0.5093312,12.74608,12.61708,12.6449,12.59257,12.51194,12.66812,12.53442,12.75008,27.87,27.66,27.83,27.79,27.43,27.25,27.23,28.04
"2020-05-07 22:32:00",203,0,1,0,0,0,0,2.889,258.7,26.34,3.979,299.8,49.7517,1.4626,12.74477,12.61869,12.64499,12.59521,12.51272,12.66029,12.54526,12.74807,27.03,26.99,26.92,27.04,26.9,26.81,26.71,27.17
"2020-05-07 22:33:00",204,0,1,0,0,0,0,1.227,243.2,30.11,2.646,307,53.81363,0.7227471,12.74653,12.61817,12.6461,12.59658,12.51261,12.66873,12.57385,12.74952,27.38,27.05,27.2,27.21,26.96,26.88,26.92,27.58
"2020-05-07 22:34:00",205,0,1,0,0,0,0,1.736,252.5,29.14,3.45,309,59.11032,2.001908,12.74658,12.62015,12.64645,12.64101,12.51223,12.6805,12.57233,12.78234,27.59,27.41,27.51,27.56,27.36,27.25,27.15,27.63
"2020-05-07 22:35:00",206,0,1,0,0,0,0,1.877,261.9,32.53,2.979,304.3,67.71641,2.315738,12.74567,12.64981,12.64647,12.6398,12.55809,12.70905,12.57821,12.79487,27.22,27.17,27.13,27.21,27.14,27.08,27.07,27.21
"2020-05-07 22:36:00",207,0,1,0,0,0,0,1.357,262.9,20.38,2.489,296.6,75.76951,3.162182,12.74717,12.66579,12.6669,12.64147,12.55702,12.71159,12.58357,12.79625,27.43,27.45,27.39,27.51,27.43,27.34,27.31,27.39
"2020-05-07 22:37:00",208,0,1,0,0,0,0,2.076,243.9,17.54,3.391,272.6,89.8927,2.923244,12.78043,12.66574,12.69379,12.6401,12.55902,12.72089,12.57966,12.79402,27.21,27.2,27.16,27.25,27.2,27.12,27.21,27.33
"2020-05-07 22:38:00",209,0,1,0,0,0,0,2.93,246.2,18.88,4.136,274.1,101.2855,3.574392,12.79481,12.66514,12.69275,12.67023,12.55745,12.71034,12.61531,12.79559,26.97,26.86,26.89,26.9,26.78,26.78,26.79,27.02
"2020-05-07 22:39:00",210,0,1,0,0,0,0,1.674,291.2,31.97,2.313,343.3,120.3053,5.6912,12.80294,12.71056,12.709,12.68723,12.60201,12.75535,12.62424,12.81748,28.79,28.77,28.84,28.93,28.27,27.99,27.57,28.9
"2020-05-07 22:40:00",211,0,1,0,0,0,0,0.786,250.9,32.5,1.548,306.5,126.1638,5.510047,12.8577,12.74138,12.75854,12.72284,12.63385,12.80102,12.67377,12.86726,27.2,27.18,27.18,27.31,27.14,27.18,27.21,27.21
"2020-05-07 22:41:00",212,0,1,0,0,0,0,0.985,257.4,30.6,2.156,301.4,122.1005,1.069324,12.91156,12.78928,12.80924,12.78673,12.66718,12.82675,12.70921,12.91951,27.78,27.57,27.67,27.7,27.42,27.34,27.22,27.83
"2020-05-07 22:42:00",213,0,1,0,0,0,0,1.553,274.2,26.16,3.058,326.1,119.2747,2.87133,12.94516,12.81406,12.84928,12.82082,12.69362,12.84612,12.73642,12.96819,27.25,27.12,27.15,27.21,26.94,26.79,26.82,27.34
"2020-05-07 22:43:00",214,0,1,0,0,0,0,1.183,246.7,40.5,2.862,317.3,112.9932,1.157786,12.98541,12.84772,12.88112,12.84644,12.73901,12.8977,12.75573,13.00611,27.43,27.22,27.37,27.38,27.24,27.21,27.2,27.47
"2020-05-07 22:44:00",215,0,1,0,0,0,0,2.285,246.8,18.92,2.999,284.7,109.3789,0.9519632,13.0215,12.89333,12.9222,12.86912,12.73816,12.89865,12.76143,13.02231,26.74,26.63,26.66,26.73,26.62,26.63,26.68,26.82
"2020-05-07 22:45:00",216,0,1,0,0,0,0,1.594,238.6,28.51,2.744,282.7,106.6479,0.6076458,13.02281,12.89365,12.92312,12.86717,12.73971,12.89165,12.76812,13.02171,27.36,27.41,27.35,27.64,27.11,26.92,27.07,27.41
"2020-05-07 22:46:00",217,0,1,0,0,0,0,1.383,272.2,22.8,2.626,310.1,105.1076,0.2890159,13.02154,12.89331,12.92215,12.87136,12.73843,12.90114,12.78646,13.02165,27.76,27.12,27.41,27.31,27.14,27.08,26.86,27.79
"2020-05-07 22:47:00",218,0,1,0,0,0,0,1.64,232.5,29.66,2.528,272.2,104.1244,0.3164649,13.0218,12.89356,12.92293,12.86788,12.75011,12.8999,12.80186,13.04839,27.04,26.89,27,27.04,26.85,26.8,26.92,27.11
"2020-05-07 22:48:00",219,0,1,0,0,0,0,1.307,258.6,32.64,2.176,340.9,102.3261,0.7588905,13.02472,12.89321,12.92342,12.88266,12.78493,12.89175,12.80129,13.06835,27.04,27.01,27.04,27.07,27.01,26.88,26.92,27.14
"2020-05-07 22:49:00",220,0,1,0,0,0,0,1.29,262.9,35.54,2.391,320.5,98.90855,1.189248,13.0213,12.89338,12.92162,12.91569,12.78522,12.9272,12.80829,13.06722,27.68,27.53,27.71,27.61,27.5,27.28,27.41,27.7
"2020-05-07 22:50:00",221,0,1,0,0,0,0,2.274,277.4,24.58,3.116,327.3,94.34845,1.337184,13.02294,12.89237,12.92185,12.91177,12.78386,12.94251,12.81313,13.06724,26.68,26.71,26.66,26.78,26.72,26.69,26.79,26.75
"2020-05-07 22:51:00",222,0,1,0,0,0,0,0.951,275.8,24.87,1.921,327.3,89.77264,1.275286,13.02452,12.8922,12.92322,12.91405,12.78522,12.93756,12.80929,13.06769,27.2,27.24,27.33,27.41,27.17,27.01,27,27.3
"2020-05-07 22:52:00",223,0,1,0,0,0,0,0.889,251.5,33.83,1.882,320.4,85.49436,1.178982,13.02225,12.89273,12.92101,12.91651,12.7852,12.94821,12.8037,13.06763,27.51,27.4,27.32,27.37,27.47,27.38,27.38,27.63
"2020-05-07 22:53:00",224,0,1,0,0,0,0,1.382,267.4,30.34,3.097,340,81.41373,1.163487,13.04914,12.92278,12.93717,12.913,12.78738,12.94089,12.84713,13.06668,27.33,27.4,27.31,27.41,27.34,27.31,27.31,27.34
"2020-05-07 22:54:00",225,0,1,0,0,0,0,1.233,271.1,30.23,1.94,333.9,77.0563,1.374299,13.06701,12.93829,12.96827,12.91431,12.83079,12.97755,12.84988,13.06622,27.36,27.22,27.25,27.28,27.22,27.19,27.18,27.45
"2020-05-07 22:55:00",226,0,1,0,0,0,0,1.168,283.1,39.6,2.078,323.9,71.42428,1.904926,13.06654,12.93884,12.96745,12.91569,12.83123,12.99471,12.85549,13.0674,28.01,27.7,27.82,27.83,27.73,27.61,27.37,28.06
"2020-05-07 22:56:00",227,0,1,0,0,0,0,1.722,254.4,26.58,2.96,297.5,63.68551,2.503021,13.06729,12.93792,12.96843,12.91216,12.82956,12.98413,12.85757,13.06819,27.36,27.28,27.28,27.31,27.14,27.05,27.15,27.4
"2020-05-07 22:57:00",228,0,1,0,0,0,0,2.058,246.5,28.83,2.744,290.7,54.20433,2.885205,13.06719,12.938,12.96824,12.91486,12.83172,12.98773,12.85218,13.06715,27.04,27.02,26.99,27.13,26.94,26.85,26.92,27.05
"2020-05-07 22:58:00",229,0,1,0,0,0,0,2.45,280.1,21.5,4.763,309.2,44.06835,2.856902,13.06575,12.93704,12.96508,12.91418,12.83153,12.9908,12.84729,13.06659,26.84,26.75,26.81,26.89,26.68,26.6,26.56,26.95
"2020-05-07 22:59:00",230,0,1,0,0,0,0,2.811,264,23.43,4.332,308.1,34.87008,2.351209,13.06698,12.9376,12.96634,12.91136,12.82991,12.98092,12.84612,13.06659,26.94,26.83,26.89,26.92,26.86,26.85,26.76,27.04
"2020-05-07 23:00:00",231,0,1,0,0,0,0,1.681,257.5,30.61,3.469,328.5,28.02368,1.553398,13.03931,12.93746,12.96598,12.91555,12.8306,12.99063,12.85034,13.06649,27.37,27.28,27.41,27.46,27.24,27.15,27.02,27.4
"2020-05-07 23:01:00",232,0,1,0,0,0,0,1.434,249.8,48.37,4.488,289.7,23.74385,0.9537376,13.01943,12.93767,12.92363,12.91342,12.8315,12.98708,12.85665,13.05221,27.75,27.51,27.72,27.67,27.43,27.37,27.31,27.76
"2020-05-07 23:02:00",233,0,1,0,0,0,0,3.755,244.5,26.21,5.41,284.4,21.2658,0.4955433,13.02107,12.91512,12.92003,12.90455,12.80798,12.95874,12.85545,13.02209,27.16,27.08,27.07,27.15,27.14,27.05,26.85,27.14
"2020-05-07 23:03:00",234,0,1,0,0,0,0,2.048,236.3,32.98,3.861,290.3,19.99662,0.2506189,12.98195,12.87681,12.89385,12.86512,12.77457,12.92777,12.80397,12.98851,27.49,27.38,27.37,27.47,27.37,27.28,27.18,27.59
"2020-05-07 23:04:00",235,0,1,0,0,0,0,2.417,229.1,32.82,3.9,290.3,19.53574,0.03525203,12.95064,12.83888,12.86247,12.82032,12.73289,12.88662,12.75743,12.95834,27.66,27.41,27.51,27.54,27.4,27.18,27.08,27.72
"2020-05-07 23:05:00",236,0,1,0,0,0,0,2.071,238.7,29.14,3.508,288.8,19.72834,0.1221694,12.9197,12.80205,12.82813,12.79358,12.69626,12.84756,12.72864,12.92761,27.07,27.04,27.02,27.15,27,26.92,26.92,27.14
"2020-05-07 23:06:00",237,0,1,0,0,0,0,4.382,246.8,39.97,7.448,331.4,20.30147,0.2052159,12.88118,12.77397,12.78288,12.77565,12.67177,12.82949,12.71639,12.88548,26.8,26.7,26.76,26.79,26.65,26.55,26.46,26.85
"2020-05-07 23:07:00",238,0,1,0,0,0,0,4.044,255.5,25.82,6.037,331.4,21.22574,0.3612707,12.82663,12.73732,12.74565,12.72036,12.63387,12.78606,12.68444,12.82955,28.03,27.96,27.93,27.98,27.91,27.62,27.39,28.22
"2020-05-07 23:08:00",239,0,1,0,0,0,0,6.95,231.1,19.71,10.31,279.4,22.9425,0.6288751,12.74195,12.63809,12.65144,12.63296,12.5315,12.68866,12.57416,12.75208,28.97,29.02,28.97,29.05,28.99,28.93,28.9,29.06
"2020-05-07 23:09:00",240,0,1,0,0,0,0,4.907,245.5,29.97,10.56,295.6,26.0492,1.107935,12.54018,12.41019,12.45245,12.41564,12.29373,12.45094,12.30242,12.55704,30.45,30.42,30.43,30.53,30.48,30.43,30.43,30.56
"2020-05-07 23:10:00",241,0,1,0,0,0,0,4.492,238.7,37.83,5.978,298,29.7216,0.9779412,12.34938,12.21934,12.25582,12.21859,12.09217,12.24917,12.11203,12.37173,31.26,31.21,31.22,31.31,31.21,31.13,31.16,31.35
"2020-05-07 23:11:00",242,0,1,0,0,0,0,6.017,236.4,32.77,9.27,293.9,32.53149,0.5870593,12.21267,12.08234,12.12193,12.08355,11.9636,12.11127,11.9886,12.23882,32.11,32.15,32.11,32.16,32.19,32.02,32.08,32.15
"2020-05-07 23:12:00",243,0,1,0,0,0,0,4.446,265.3,33.39,8.94,306.4,34.07711,0.2389113,12.06283,11.94713,11.97586,11.94758,11.82329,11.97752,11.84538,12.08964,32.84,32.87,32.84,32.93,32.86,32.77,32.82,32.9
"2020-05-07 23:13:00",244,0,1,0,0,0,0,4.763,248.1,13.13,8.31,293.1,33.79492,0.3158848,11.96074,11.83711,11.86371,11.82949,11.71938,11.87348,11.74354,11.97811,33.77,33.71,33.79,33.83,33.71,33.64,33.71,33.72
"2020-05-07 23:14:00",245,0,1,0,0,0,0,5.535,244.6,24.8,10.94,310.4,32.41084,0.4797299,11.86543,11.73209,11.76774,11.72821,11.6212,11.77599,11.63516,11.87835,34.46,34.46,34.47,34.56,34.46,34.39,34.42,34.55
"2020-05-07 23:15:00",246,0,1,0,0,0,0,6.225,256.5,19.75,8.37,288.5,30.6069,0.4251727,11.76054,11.64703,11.67331,11.63718,11.53349,11.68859,11.55865,11.78067,34.61,34.59,34.6,34.72,34.59,34.49,34.51,34.64
"2020-05-07 23:16:00",247,0,1,0,0,0,0,3.998,249.8,29.21,6.292,310,29.10074,0.4416552,11.68006,11.57358,11.5972,11.56439,11.45752,11.61047,11.4852,11.70639,35.63,35.5,35.57,35.65,35.38,35.21,35.22,35.65
"2020-05-07 23:17:00",248,0,1,0,0,0,0,4.299,260.4,21.79,7.036,297.5,27.6507,0.3648014,11.63445,11.52474,11.54731,11.51509,11.41667,11.55917,11.43869,11.6529,35.56,35.63,35.54,35.72,35.59,35.5,35.52,35.59
"2020-05-07 23:18:00",249,0,1,0,0,0,0,2.853,252.4,32.99,7.86,315,26.65315,0.2299891,11.5927,11.47949,11.49957,11.47255,11.3743,11.51582,11.38405,11.61175,36,35.98,35.99,36.11,35.81,35.72,35.78,36.14
"2020-05-07 23:19:00",250,0,1,0,0,0,0,3.152,240.5,30.19,5.684,311.2,26.06454,0.1226161,11.55397,11.44414,11.46225,11.43877,11.32906,11.47315,11.35192,11.5696,36.01,35.97,35.94,36.05,35.92,35.89,35.96,36.04
"2020-05-07 23:20:00",251,0,1,0,0,0,0,3.306,246.1,24.92,6.664,297.7,25.79903,0.03982801,11.51164,11.40466,11.41842,11.39332,11.28764,11.43328,11.30779,11.52719,36.54,36.55,36.57,36.57,36.58,36.45,36.57,36.56
"2020-05-07 23:21:00",252,0,1,0,0,0,0,4.354,246.7,26.69,7.507,278.7,25.69829,0.02389754,11.46211,11.35417,11.36792,11.35114,11.25444,11.40048,11.274,11.47383,36.69,36.7,36.71,36.73,36.66,36.57,36.61,36.75
"2020-05-07 23:22:00",253,0,1,0,0,0,0,3.809,242.6,21.35,5.508,283.6,25.76929,0.01347624,11.42287,11.34503,11.33153,11.31668,11.23518,11.39016,11.25056,11.43564,37.05,37.03,37.06,37.15,36.89,36.77,36.78,37.02
"2020-05-07 23:23:00",254,0,1,0,0,0,0,3.848,267.9,39.54,6.488,353.5,25.49585,0.1890194,11.4165,11.29606,11.31641,11.30136,11.1923,11.34927,11.22032,11.4257,37.14,37.25,37.16,37.28,37.25,37.22,37.28,37.21
"2020-05-07 23:24:00",255,0,1,0,0,0,0,4.149,259.7,21.14,7.605,299.2,24.69234,0.2754138,11.36763,11.27503,11.28315,11.26033,11.16676,11.31903,11.18446,11.37705,37.67,37.7,37.69,37.78,37.72,37.64,37.69,37.71
"2020-05-07 23:25:00",256,0,1,0,0,0,0,4.799,253,29.58,7.781,295.7,23.55435,0.3637265,11.30931,11.22345,11.23097,11.20697,11.11774,11.2696,11.12975,11.327,38.13,38.15,38.13,38.24,38.11,38.08,38.19,38.16
"2020-05-07 23:26:00",257,0,1,0,0,0,0,3.446,247,25.01,6.507,305.7,22.40642,0.3048289,11.25277,11.17048,11.1737,11.15012,11.05757,11.2068,11.08404,11.27071,38.66,38.61,38.63,38.71,38.55,38.52,38.54,38.74
"2020-05-07 23:27:00",258,0,1,0,0,0,0,6.646,248.4,28.35,10.64,289.3,21.40131,0.2847067,11.21836,11.118,11.12631,11.10606,11.0066,11.15012,11.03392,11.23199,39.15,39.14,39.15,39.26,39.07,39,39.09,39.16
"2020-05-07 23:28:00",259,0,1,0,0,0,0,5.212,244.7,26.34,8.02,293.1,20.51468,0.272184,11.14923,11.04893,11.06577,11.03533,10.94598,11.08552,10.95465,11.17669,39.28,39.31,39.28,39.36,39.27,39.19,39.28,39.27
"2020-05-07 23:29:00",260,0,1,0,0,0,0,3.619,254.2,35.48,6.096,338.1,19.52229,0.3194416,11.08395,10.98601,10.99872,10.96688,10.86767,11.02307,10.89889,11.10166,40.01,39.92,39.98,40.02,39.81,39.76,39.74,40.04
"2020-05-07 23:30:00",261,0,1,0,0,0,0,6.071,251.4,21.33,10.66,280.9,18.46334,0.2628331,11.03225,10.92381,10.93773,10.92225,10.81493,10.96257,10.82603,11.05206,40.04,39.98,40.03,40.11,39.98,39.95,40,40.07
"2020-05-07 23:31:00",262,0,1,0,0,0,0,2.038,258.9,18.96,3.626,289.6,17.57432,0.3050031,10.97117,10.86787,10.8804,10.8631,10.76157,10.91712,10.78489,10.99025,40.72,40.66,40.77,40.79,40.63,40.53,40.52,40.7
"2020-05-07 23:32:00",263,0,1,0,0,0,0,2.999,246.4,31.43,6.429,300.9,16.22898,0.4671212,10.94861,10.84354,10.86009,10.82164,10.7398,10.88712,10.75092,10.96783,41.02,40.91,41.01,41.07,40.89,40.78,40.81,41.11
"2020-05-07 23:33:00",264,0,1,0,0,0,0,4.145,257.8,30.55,6.664,298.3,14.53321,0.4886112,10.91387,10.80411,10.81949,10.80761,10.69487,10.83941,10.71923,10.92893,41.1,41.01,41.07,41.1,40.99,40.93,40.94,41.18
"2020-05-07 23:34:00",265,0,1,0,0,0,0,3.82,234.4,35.34,5.704,292.3,12.9106,0.4317235,10.87942,10.79849,10.79992,10.76941,10.69349,10.83464,10.70129,10.89957,41.13,41.08,41.03,41.12,41.05,40.99,41.04,41.21
"2020-05-07 23:35:00",266,0,1,0,0,0,0,3.804,259.7,34.65,6.782,308.3,11.5637,0.3401384,10.86817,10.75669,10.76891,10.77152,10.65681,10.8022,10.70489,10.88458,41.44,41.35,41.38,41.51,41.31,41.26,41.36,41.54
"2020-05-07 23:36:00",267,0,1,0,0,0,0,4.593,256.9,34.32,7.232,305.7,10.65022,0.191039,10.86747,10.75175,10.76942,10.72497,10.64864,10.80317,10.654,10.88454,41.66,41.53,41.62,41.6,41.4,41.29,41.33,41.76
"2020-05-07 23:37:00",268,0,1,0,0,0,0,2.728,236.4,36.12,4.508,303.3,10.04183,0.1868929,10.85978,10.75321,10.76978,10.72377,10.64787,10.79984,10.65687,10.86325,41.58,41.57,41.52,41.64,41.5,41.46,41.62,41.6
"2020-05-07 23:38:00",269,0,1,0,0,0,0,4.724,259.9,20.84,7.095,301.6,9.331024,0.2247846,10.82294,10.75188,10.7699,10.72574,10.64921,10.79202,10.65835,10.83905,41.79,41.81,41.79,41.92,41.69,41.57,41.59,41.88
"2020-05-07 23:39:00",270,0,1,0,0,0,0,3.685,252.2,20.51,6.252,288,8.50101,0.253056,10.82214,10.75311,10.76918,10.72437,10.64968,10.78866,10.65329,10.83942,41.81,41.73,41.82,41.89,41.67,41.57,41.6,41.87
"2020-05-07 23:40:00",271,0,1,0,0,0,0,3.531,238.9,31.63,5.9,281.9,7.588727,0.2650309,10.82219,10.75226,10.73759,10.72416,10.64928,10.78972,10.65951,10.83996,42.01,41.99,41.98,42.09,41.87,41.84,41.91,42.09
"2020-05-07 23:41:00",272,0,1,0,0,0,0,1.999,274.4,50.01,3.783,334,6.641904,0.2729644,10.81069,10.71035,10.7226,10.70248,10.61398,10.75864,10.63679,10.82894,42.25,42.15,42.21,42.29,42.09,42.04,42.11,42.34
"2020-05-07 23:42:00",273,0,1,0,0,0,0,5.112,243.3,30.44,9.88,279.6,5.744492,0.2351135,10.77709,10.68347,10.68182,10.67339,10.5845,10.73766,10.60852,10.794,42,41.99,42.01,42.06,41.97,41.9,41.98,42.09
"2020-05-07 23:43:00",274,0,1,0,0,0,0,2.886,253.2,22.17,4.488,288.6,4.966047,0.2110289,10.73374,10.65281,10.65395,10.63463,10.55384,10.70783,10.56853,10.75153,42.58,42.55,42.55,42.6,42.4,42.29,42.27,42.68
"2020-05-07 23:44:00",275,0,1,0,0,0,0,4.047,251.1,28.31,7.154,299.4,4.265195,0.1923908,10.72897,10.61683,10.63323,10.61866,10.5126,10.65937,10.53108,10.74986,42.51,42.5,42.47,42.58,42.52,42.55,42.54,42.55
"2020-05-07 23:45:00",276,0,1,0,0,0,0,3.57,241.5,22.48,5.429,281.3,3.652489,0.1604346,10.68822,10.60677,10.6048,10.58928,10.49988,10.64692,10.52054,10.71169,43.06,42.9,43.05,43.07,42.87,42.8,42.85,43.1
"2020-05-07 23:46:00",277,0,1,0,0,0,0,3.799,247.3,15.2,6.096,272.9,3.132127,0.1410699,10.65714,10.57064,10.58268,10.54326,10.46753,10.60712,10.48659,10.68411,43.52,43.35,43.51,43.54,43.2,43.14,43.15,43.59
"2020-05-07 23:47:00",278,0,1,0,0,0,0,4.642,246.4,26.14,7.742,282.5,2.694634,0.123332,10.63769,10.53868,10.53999,10.53984,10.447,10.59581,10.47028,10.65776,43.3,43.28,43.28,43.36,43.21,43.13,43.18,43.32
"2020-05-07 23:48:00",279,0,1,0,0,0,0,4.418,257.7,19.06,8.21,301.2,2.284124,0.1084681,10.60033,10.52616,10.53957,10.49719,10.42055,10.56917,10.46539,10.61535,43.6,43.41,43.47,43.5,43.26,43.2,43.23,43.68
"2020-05-07 23:49:00",280,0,1,0,0,0,0,2.081,258.7,41.99,4.861,302.5,1.861263,0.1167852,10.59363,10.52228,10.54023,10.49661,10.41992,10.57604,10.42574,10.61192,43.9,43.72,43.87,43.91,43.67,43.56,43.47,43.94
"2020-05-07 23:50:00",281,0,1,0,0,0,0,3.6,258.5,27.12,6.586,304.6,1.508198,0.09874331,10.59235,10.52636,10.53086,10.49594,10.42277,10.5728,10.4279,10.61231,44.17,44.04,44.19,44.17,43.94,43.96,43.64,44.23
"2020-05-07 23:51:00",282,0,1,0,0,0,0,2.669,260.8,39.38,4.332,329,1.217496,0.05939164,10.5922,10.52289,10.49445,10.49856,10.42175,10.56667,10.43008,10.61204,44.4,44.27,44.37,44.43,44.23,44.01,43.96,44.52
"2020-05-07 23:52:00",283,0,1,0,0,0,0,3.053,247.8,13.66,3.881,269.2,1.031609,0.04860038,10.57672,10.48053,10.4965,10.47026,10.37494,10.52456,10.40876,10.59642,43.99,44.02,44.02,44.1,44.01,43.93,44.03,44.04
