"TOA5","CR6Series","CR6","10158","CR6.Std.09.02 CR6-WIFI.04.00.01","CPU:McGill_University_Program_Version32.CR6 Feb 3rd.cr6","64318","TPS_3100_Data"
"TIMESTAMP","RECORD","RX","TPS_Time_Sec","TPS_Precip_Rate_1minAvg_mmHr","TPS_Total_Accum_mm","TPS_Pwr_Sensor_W","TPS_Pwr_Ref_W","TPS_Amb_Temp_C","TPS_Enc_Temp_C","TPS_Wind_Spd_ms","TPS_Coll_Eff","TPS_Pwr_Offset_W","TPS_Pwr_OffsetRad_W","TPS_Raw_Precip_Rate_1minAvg_mmHr","TPS_Raw_Precip_Rate_5minAvg_mmHr","TPS_Solar_Rad_Wm2","TPS_Net_Rad_Wm2","TPS_Baro_Press_mbar","TPS_Air_Temp_C","TPS_RH_perc"
"TS","RN","","","","","","","","","","","","","","","","","","",""
"","","Smp","Smp","Smp","Smp","Smp","Smp","Smp","Smp","Smp","Smp","Smp","Smp","Smp","Smp","Smp","Smp","Smp","Smp","Smp"
"2020-02-28 00:00:00",6953," 1582849360,00.00,00024.33,075.3,075.9,-04.8,004.7,03.5,0.618,001.1,000.0,-0.18,-0.44,0002,-006,0978.5,-04.5,40.0  ",1.582849E+09,0,24.33,75.3,75.9,-4.8,4.7,3.5,0.618,1.1,0,-0.18,-0.44,2,-6,978.5,-4.5,40
"2020-02-28 00:05:00",6954," 1582849660,00.00,00000.00,074.0,072.4,-04.8,004.7,03.2,0.645,001.0,-00.0,00.07,-0.15,0002,-006,0978.4,-04.5,40.0  ",1.58285E+09,0,0,74,72.4,-4.8,4.7,3.2,0.645,1,-0,0.07,-0.15,2,-6,978.4,-4.5,40
"2020-02-28 00:10:00",6955," 1582849961,00.00,00000.00,059.5,059.0,-04.9,004.7,02.3,0.761,000.9,-00.0,-0.04,00.06,0002,-004,0978.3,-04.5,39.9  ",1.58285E+09,0,0,59.5,59,-4.9,4.7,2.3,0.761,0.9,-0,-0.04,0.06,2,-4,978.3,-4.5,39.9
"2020-02-28 00:15:00",6956," 1582850260,00.00,00000.00,074.5,074.0,-04.9,004.6,03.3,0.633,001.1,-00.0,-0.07,-0.13,0002,-006,0978.4,-04.5,40.0  ",1.58285E+09,0,0,74.5,74,-4.9,4.6,3.3,0.633,1.1,-0,-0.07,-0.13,2,-6,978.4,-4.5,40
"2020-02-28 00:20:00",6957," 1582850560,00.00,00000.00,058.1,056.1,-04.9,004.6,02.1,0.788,000.9,-00.0,00.13,-0.21,0002,-005,0978.3,-04.5,39.9  ",1.582851E+09,0,0,58.1,56.1,-4.9,4.6,2.1,0.788,0.9,-0,0.13,-0.21,2,-5,978.3,-4.5,39.9
"2020-02-28 00:25:00",6958," 1582850860,00.00,00000.00,072.2,068.2,-04.9,004.6,02.9,0.679,001.0,-00.0,00.33,-0.08,0002,-005,0978.4,-04.6,40.0  ",1.582851E+09,0,0,72.2,68.2,-4.9,4.6,2.9,0.679,1,-0,0.33,-0.08,2,-5,978.4,-4.6,40
"2020-02-28 00:30:00",6959," 1582851160,00.00,00000.02,089.5,090.8,-05.0,004.5,04.6,0.521,001.2,-00.0,-0.28,00.08,0002,-005,0978.2,-04.8,40.5  ",1.582851E+09,0,0.02,89.5,90.8,-5,4.5,4.6,0.521,1.2,-0,-0.28,0.08,2,-5,978.2,-4.8,40.5
"2020-02-28 00:35:00",6960," 1582851460,00.00,00000.02,109.8,100.1,-05.2,004.4,05.4,0.473,001.3,-00.0,00.95,00.09,0003,-004,0978.3,-04.9,40.8  ",1.582851E+09,0,0.02,109.8,100.1,-5.2,4.4,5.4,0.473,1.3,-0,0.95,0.09,3,-4,978.3,-4.9,40.8
"2020-02-28 00:40:00",6961," 1582851760,01.31,00000.11,078.0,069.1,-05.2,004.4,03.0,0.675,001.0,-00.0,00.88,00.44,0003,-003,0978.4,-04.9,40.6  ",1.582852E+09,1.31,0.11,78,69.1,-5.2,4.4,3,0.675,1,-0,0.88,0.44,3,-3,978.4,-4.9,40.6
"2020-02-28 00:45:00",6962," 1582852060,00.18,00000.14,087.7,085.7,-05.3,004.2,04.2,0.553,001.2,-00.0,00.10,00.12,0003,-005,0978.4,-05.0,40.8  ",1.582852E+09,0.18,0.14,87.7,85.7,-5.3,4.2,4.2,0.553,1.2,-0,0.1,0.12,3,-5,978.4,-5,40.8
"2020-02-28 00:50:00",6963," 1582852360,00.76,00000.16,086.7,081.7,-05.3,004.2,03.9,0.580,001.1,-00.0,00.44,00.18,0003,-004,0978.5,-05.0,40.8  ",1.582852E+09,0.76,0.16,86.7,81.7,-5.3,4.2,3.9,0.58,1.1,-0,0.44,0.18,3,-4,978.5,-5,40.8
"2020-02-28 00:55:00",6964," 1582852660,01.57,00000.27,077.5,066.7,-05.3,004.2,02.8,0.695,001.0,-00.0,01.09,00.58,0003,-003,0978.6,-05.0,40.8  ",1.582853E+09,1.57,0.27,77.5,66.7,-5.3,4.2,2.8,0.695,1,-0,1.09,0.58,3,-3,978.6,-5,40.8
"2020-02-28 01:00:00",6965," 1582852960,01.51,00000.39,102.1,094.1,-05.4,004.0,04.8,0.504,001.3,-00.0,00.76,00.78,0004,-004,0978.6,-05.1,41.0  ",1.582853E+09,1.51,0.39,102.1,94.1,-5.4,4,4.8,0.504,1.3,-0,0.76,0.78,4,-4,978.6,-5.1,41
"2020-02-28 01:05:00",6966," 1582853260,02.42,00000.59,090.3,075.8,-05.4,004.1,03.4,0.623,001.1,-00.0,01.51,01.39,0005,-002,0978.7,-05.1,41.0  ",1.582853E+09,2.42,0.59,90.3,75.8,-5.4,4.1,3.4,0.623,1.1,-0,1.51,1.39,5,-2,978.7,-5.1,41
"2020-02-28 01:10:00",6967," 1582853560,00.00,00000.79,078.9,078.8,-05.5,004.1,03.7,0.601,001.1,-00.0,-0.10,01.29,0003,-004,0978.8,-05.2,41.1  ",1.582854E+09,0,0.79,78.9,78.8,-5.5,4.1,3.7,0.601,1.1,-0,-0.1,1.29,3,-4,978.8,-5.2,41.1
"2020-02-28 01:15:00",6968," 1582853860,01.89,00000.84,091.0,079.8,-05.5,004.0,03.7,0.594,001.1,-00.0,01.12,00.17,0004,-003,0978.8,-05.2,41.1  ",1.582854E+09,1.89,0.84,91,79.8,-5.5,4,3.7,0.594,1.1,-0,1.12,0.17,4,-3,978.8,-5.2,41.1
"2020-02-28 01:20:00",6969," 1582854160,00.17,00000.93,075.9,073.9,-05.5,003.9,03.3,0.637,001.1,-00.0,00.11,00.55,0003,-005,0978.9,-05.3,41.2  ",1.582854E+09,0.17,0.93,75.9,73.9,-5.5,3.9,3.3,0.637,1.1,-0,0.11,0.55,3,-5,978.9,-5.3,41.2
"2020-02-28 01:25:00",6970," 1582854460,00.00,00000.97,077.2,078.8,-05.6,003.9,03.7,0.602,001.1,-00.0,-0.30,00.09,0002,-003,0979.0,-05.3,41.1  ",1.582854E+09,0,0.97,77.2,78.8,-5.6,3.9,3.7,0.602,1.1,-0,-0.3,0.09,2,-3,979,-5.3,41.1
"2020-02-28 01:30:00",6971," 1582854760,03.07,00001.21,103.1,086.9,-05.6,003.9,04.3,0.548,001.2,-00.0,01.68,01.48,0003,-002,0979.2,-05.4,41.4  ",1.582855E+09,3.07,1.21,103.1,86.9,-5.6,3.9,4.3,0.548,1.2,-0,1.68,1.48,3,-2,979.2,-5.4,41.4
"2020-02-28 01:35:00",6972," 1582855060,00.00,00001.26,084.3,084.1,-05.6,003.8,04.0,0.566,001.2,000.0,-0.10,00.01,0002,-007,0979.1,-05.4,41.4  ",1.582855E+09,0,1.26,84.3,84.1,-5.6,3.8,4,0.566,1.2,0,-0.1,0.01,2,-7,979.1,-5.4,41.4
"2020-02-28 01:40:00",6973," 1582855360,00.00,00001.26,093.5,090.0,-05.7,003.8,04.5,0.529,001.2,-00.0,00.26,-0.11,0004,-003,0979.3,-05.4,41.3  ",1.582855E+09,0,1.26,93.5,90,-5.7,3.8,4.5,0.529,1.2,-0,0.26,-0.11,4,-3,979.3,-5.4,41.3
"2020-02-28 01:45:00",6974," 1582855660,01.85,00001.35,100.8,090.9,-05.7,003.8,04.6,0.524,001.2,-00.0,00.97,00.61,0003,-005,0979.1,-05.5,41.5  ",1.582856E+09,1.85,1.35,100.8,90.9,-5.7,3.8,4.6,0.524,1.2,-0,0.97,0.61,3,-5,979.1,-5.5,41.5
"2020-02-28 01:50:00",6975," 1582855960,00.00,00001.37,076.3,077.5,-05.7,003.8,03.5,0.612,001.1,000.0,-0.26,-0.16,0002,-017,0979.1,-05.4,41.2  ",1.582856E+09,0,1.37,76.3,77.5,-5.7,3.8,3.5,0.612,1.1,0,-0.26,-0.16,2,-17,979.1,-5.4,41.2
"2020-02-28 01:55:00",6976," 1582856260,00.00,00001.37,087.2,088.3,-05.5,003.7,04.4,0.538,001.2,000.0,-0.27,-0.41,0002,-016,0979.0,-05.3,41.0  ",1.582856E+09,0,1.37,87.2,88.3,-5.5,3.7,4.4,0.538,1.2,0,-0.27,-0.41,2,-16,979,-5.3,41
"2020-02-28 02:00:00",6977," 1582856560,00.00,00001.37,090.9,094.9,-05.5,003.8,04.9,0.501,001.3,000.0,-0.59,-0.38,0002,-018,0979.0,-05.3,40.9  ",1.582857E+09,0,1.37,90.9,94.9,-5.5,3.8,4.9,0.501,1.3,0,-0.59,-0.38,2,-18,979,-5.3,40.9
"2020-02-28 02:05:00",6978," 1582856860,00.00,00001.37,096.3,095.1,-05.5,003.9,04.9,0.500,001.3,000.0,-0.01,-0.47,0002,-012,0979.1,-05.4,41.1  ",1.582857E+09,0,1.37,96.3,95.1,-5.5,3.9,4.9,0.5,1.3,0,-0.01,-0.47,2,-12,979.1,-5.4,41.1
"2020-02-28 02:10:00",6979," 1582857160,00.00,00001.37,111.2,111.9,-05.7,003.9,06.3,0.424,001.4,000.0,-0.24,-0.45,0002,-011,0979.3,-05.5,41.4  ",1.582857E+09,0,1.37,111.2,111.9,-5.7,3.9,6.3,0.424,1.4,0,-0.24,-0.45,2,-11,979.3,-5.5,41.4
"2020-02-28 02:15:00",6980," 1582857460,00.00,00001.37,077.1,077.0,-05.7,003.9,03.5,0.616,001.1,000.0,-0.12,-0.39,0002,-012,0979.1,-05.5,41.3  ",1.582857E+09,0,1.37,77.1,77,-5.7,3.9,3.5,0.616,1.1,0,-0.12,-0.39,2,-12,979.1,-5.5,41.3
"2020-02-28 02:20:00",6981," 1582857760,00.00,00001.37,092.5,091.4,-05.8,003.9,04.6,0.522,001.2,000.0,-0.02,-0.28,0002,-008,0979.4,-05.5,41.4  ",1.582858E+09,0,1.37,92.5,91.4,-5.8,3.9,4.6,0.522,1.2,0,-0.02,-0.28,2,-8,979.4,-5.5,41.4
"2020-02-28 02:25:00",6982," 1582858060,00.00,00001.37,091.8,090.6,-05.8,003.9,04.5,0.526,001.2,000.0,-0.01,-0.17,0003,-009,0979.5,-05.6,41.5  ",1.582858E+09,0,1.37,91.8,90.6,-5.8,3.9,4.5,0.526,1.2,0,-0.01,-0.17,3,-9,979.5,-5.6,41.5
"2020-02-28 02:30:00",6983," 1582858360,00.00,00001.37,081.3,081.1,-05.8,003.9,03.8,0.587,001.1,000.0,-0.10,-0.50,0002,-010,0979.6,-05.6,41.4  ",1.582858E+09,0,1.37,81.3,81.1,-5.8,3.9,3.8,0.587,1.1,0,-0.1,-0.5,2,-10,979.6,-5.6,41.4
"2020-02-28 02:35:00",6984," 1582858660,00.00,00001.37,069.4,071.8,-05.8,003.9,03.1,0.657,001.0,000.0,-0.38,-0.36,0002,-011,0979.6,-05.5,41.2  ",1.582859E+09,0,1.37,69.4,71.8,-5.8,3.9,3.1,0.657,1,0,-0.38,-0.36,2,-11,979.6,-5.5,41.2
"2020-02-28 02:40:00",6985," 1582858960,00.00,00001.37,073.1,073.4,-05.8,003.9,03.3,0.643,001.0,000.0,-0.16,-0.42,0002,-027,0979.5,-05.5,41.1  ",1.582859E+09,0,1.37,73.1,73.4,-5.8,3.9,3.3,0.643,1,0,-0.16,-0.42,2,-27,979.5,-5.5,41.1
"2020-02-28 02:45:00",6986," 1582859260,00.00,00001.37,079.5,081.3,-05.8,003.8,03.8,0.586,001.1,000.1,-0.32,-0.36,0002,-030,0979.5,-05.5,41.3  ",1.582859E+09,0,1.37,79.5,81.3,-5.8,3.8,3.8,0.586,1.1,0.1,-0.32,-0.36,2,-30,979.5,-5.5,41.3
"2020-02-28 02:50:00",6987," 1582859560,00.00,00001.37,071.3,071.1,-05.9,003.7,03.1,0.662,001.0,000.1,-0.10,-0.50,0002,-032,0979.3,-05.7,41.5  ",1.58286E+09,0,1.37,71.3,71.1,-5.9,3.7,3.1,0.662,1,0.1,-0.1,-0.5,2,-32,979.3,-5.7,41.5
"2020-02-28 02:55:00",6988," 1582859860,00.00,00001.37,070.2,072.8,-06.0,003.7,03.2,0.650,001.0,000.1,-0.41,-0.31,0002,-035,0979.6,-05.8,41.7  ",1.58286E+09,0,1.37,70.2,72.8,-6,3.7,3.2,0.65,1,0.1,-0.41,-0.31,2,-35,979.6,-5.8,41.7
"2020-02-28 03:00:00",6989," 1582860160,00.00,00001.37,075.4,076.5,-06.2,003.7,03.4,0.622,001.1,000.1,-0.26,-0.44,0002,-039,0979.4,-06.0,42.1  ",1.58286E+09,0,1.37,75.4,76.5,-6.2,3.7,3.4,0.622,1.1,0.1,-0.26,-0.44,2,-39,979.4,-6,42.1
"2020-02-28 03:05:00",6990," 1582860460,00.00,00001.37,102.5,104.1,-06.2,003.5,05.6,0.460,001.3,000.1,-0.33,-0.47,0002,-039,0979.5,-06.1,42.2  ",1.58286E+09,0,1.37,102.5,104.1,-6.2,3.5,5.6,0.46,1.3,0.1,-0.33,-0.47,2,-39,979.5,-6.1,42.2
"2020-02-28 03:10:00",6991," 1582860760,00.00,00001.37,069.1,071.2,-06.4,003.5,03.1,0.665,001.0,000.1,-0.35,-0.55,0002,-045,0979.5,-06.2,42.5  ",1.582861E+09,0,1.37,69.1,71.2,-6.4,3.5,3.1,0.665,1,0.1,-0.35,-0.55,2,-45,979.5,-6.2,42.5
"2020-02-28 03:15:00",6992," 1582861060,00.00,00001.37,117.9,121.7,-06.3,003.4,07.1,0.391,001.5,000.1,-0.61,-0.34,0002,-054,0979.4,-06.2,42.3  ",1.582861E+09,0,1.37,117.9,121.7,-6.3,3.4,7.1,0.391,1.5,0.1,-0.61,-0.34,2,-54,979.4,-6.2,42.3
"2020-02-28 03:20:00",6993," 1582861360,00.00,00001.37,092.8,095.3,-06.5,003.3,04.8,0.505,001.3,000.1,-0.42,-0.60,0002,-044,0979.5,-06.3,42.5  ",1.582861E+09,0,1.37,92.8,95.3,-6.5,3.3,4.8,0.505,1.3,0.1,-0.42,-0.6,2,-44,979.5,-6.3,42.5
"2020-02-28 03:25:00",6994," 1582861660,00.00,00001.37,065.9,066.4,-06.6,003.4,02.7,0.706,001.0,000.1,-0.18,-0.46,0002,-050,0979.5,-06.4,42.6  ",1.582862E+09,0,1.37,65.9,66.4,-6.6,3.4,2.7,0.706,1,0.1,-0.18,-0.46,2,-50,979.5,-6.4,42.6
"2020-02-28 03:30:00",6995," 1582861960,00.00,00001.37,065.7,069.2,-06.6,003.3,02.9,0.683,001.0,000.1,-0.51,-0.45,0002,-048,0979.7,-06.4,42.6  ",1.582862E+09,0,1.37,65.7,69.2,-6.6,3.3,2.9,0.683,1,0.1,-0.51,-0.45,2,-48,979.7,-6.4,42.6
"2020-02-28 03:35:00",6996," 1582862260,00.00,00001.37,110.4,110.3,-06.4,003.1,06.1,0.434,001.4,000.1,-0.16,-0.50,0003,-056,0979.6,-06.2,42.2  ",1.582862E+09,0,1.37,110.4,110.3,-6.4,3.1,6.1,0.434,1.4,0.1,-0.16,-0.5,3,-56,979.6,-6.2,42.2
"2020-02-28 03:40:00",6997," 1582862561,00.00,00001.37,083.3,083.9,-06.5,003.2,04.0,0.572,001.2,000.1,-0.21,-0.43,0002,-059,0979.6,-06.3,42.3  ",1.582863E+09,0,1.37,83.3,83.9,-6.5,3.2,4,0.572,1.2,0.1,-0.21,-0.43,2,-59,979.6,-6.3,42.3
"2020-02-28 03:45:00",6998," 1582862861,00.00,00001.37,073.9,073.6,-06.7,003.2,03.2,0.648,001.1,000.1,-0.11,-0.37,0002,-068,0979.6,-06.4,42.6  ",1.582863E+09,0,1.37,73.9,73.6,-6.7,3.2,3.2,0.648,1.1,0.1,-0.11,-0.37,2,-68,979.6,-6.4,42.6
"2020-02-28 03:50:00",6999," 1582863161,00.00,00001.37,088.8,090.0,-06.8,003.1,04.4,0.536,001.2,000.1,-0.28,-0.37,0002,-064,0979.7,-06.6,42.8  ",1.582863E+09,0,1.37,88.8,90,-6.8,3.1,4.4,0.536,1.2,0.1,-0.28,-0.37,2,-64,979.7,-6.6,42.8
"2020-02-28 03:55:00",7000," 1582863461,00.00,00001.37,093.8,095.1,-06.7,002.8,04.8,0.507,001.3,000.1,-0.30,-0.61,0002,-063,0979.7,-06.6,42.8  ",1.582863E+09,0,1.37,93.8,95.1,-6.7,2.8,4.8,0.507,1.3,0.1,-0.3,-0.61,2,-63,979.7,-6.6,42.8
"2020-02-28 04:00:00",7001," 1582863761,00.00,00001.37,095.1,095.3,-06.8,002.9,04.8,0.506,001.3,000.1,-0.18,-0.59,0002,-068,0979.8,-06.7,43.0  ",1.582864E+09,0,1.37,95.1,95.3,-6.8,2.9,4.8,0.506,1.3,0.1,-0.18,-0.59,2,-68,979.8,-6.7,43
"2020-02-28 04:05:00",7002," 1582864061,00.00,00001.37,097.6,096.6,-06.9,002.9,04.9,0.500,001.3,000.1,-0.05,-0.50,0002,-065,0979.5,-06.8,43.0  ",1.582864E+09,0,1.37,97.6,96.6,-6.9,2.9,4.9,0.5,1.3,0.1,-0.05,-0.5,2,-65,979.5,-6.8,43
"2020-02-28 04:10:00",7003," 1582864361,00.00,00001.37,095.8,098.0,-07.0,002.9,05.0,0.493,001.3,000.1,-0.40,-0.36,0004,-055,0980.0,-06.8,43.0  ",1.582864E+09,0,1.37,95.8,98,-7,2.9,5,0.493,1.3,0.1,-0.4,-0.36,4,-55,980,-6.8,43
"2020-02-28 04:15:00",7004," 1582864661,00.00,00001.37,105.4,104.4,-07.1,002.9,05.5,0.463,001.4,000.1,-0.05,-0.42,0003,-056,0979.9,-06.8,43.0  ",1.582865E+09,0,1.37,105.4,104.4,-7.1,2.9,5.5,0.463,1.4,0.1,-0.05,-0.42,3,-56,979.9,-6.8,43
"2020-02-28 04:20:00",7005," 1582864961,00.00,00001.37,082.8,083.9,-07.1,002.8,03.9,0.576,001.2,000.1,-0.26,-0.33,0003,-047,0980.0,-06.9,43.1  ",1.582865E+09,0,1.37,82.8,83.9,-7.1,2.8,3.9,0.576,1.2,0.1,-0.26,-0.33,3,-47,980,-6.9,43.1
"2020-02-28 04:25:00",7006," 1582865261,00.00,00001.37,077.5,078.5,-07.1,002.8,03.5,0.614,001.1,000.0,-0.24,-0.37,0002,-021,0980.1,-06.9,43.1  ",1.582865E+09,0,1.37,77.5,78.5,-7.1,2.8,3.5,0.614,1.1,0,-0.24,-0.37,2,-21,980.1,-6.9,43.1
"2020-02-28 04:30:00",7007," 1582865561,00.00,00001.37,088.0,086.6,-07.1,002.8,04.1,0.559,001.2,000.0,00.02,-0.23,0002,-025,0979.9,-06.9,43.1  ",1.582866E+09,0,1.37,88,86.6,-7.1,2.8,4.1,0.559,1.2,0,0.02,-0.23,2,-25,979.9,-6.9,43.1
"2020-02-28 04:35:00",7008," 1582865861,00.00,00001.37,073.6,073.7,-07.1,002.9,03.2,0.650,001.1,000.0,-0.14,-0.21,0002,-022,0979.9,-06.9,43.1  ",1.582866E+09,0,1.37,73.6,73.7,-7.1,2.9,3.2,0.65,1.1,0,-0.14,-0.21,2,-22,979.9,-6.9,43.1
"2020-02-28 04:40:00",7009," 1582866161,00.00,00001.37,087.2,089.2,-07.2,002.8,04.3,0.543,001.2,000.0,-0.36,-0.32,0002,-015,0980.1,-07.0,43.3  ",1.582866E+09,0,1.37,87.2,89.2,-7.2,2.8,4.3,0.543,1.2,0,-0.36,-0.32,2,-15,980.1,-7,43.3
"2020-02-28 04:45:00",7010," 1582866461,00.00,00001.37,088.4,090.4,-07.3,002.8,04.4,0.537,001.2,000.0,-0.36,-0.40,0002,-015,0980.2,-07.1,43.4  ",1.582866E+09,0,1.37,88.4,90.4,-7.3,2.8,4.4,0.537,1.2,0,-0.36,-0.4,2,-15,980.2,-7.1,43.4
"2020-02-28 04:50:00",7011," 1582866761,00.00,00001.37,094.3,092.7,-07.4,002.8,04.6,0.524,001.2,000.0,00.03,-0.38,0003,-013,0980.1,-07.1,43.5  ",1.582867E+09,0,1.37,94.3,92.7,-7.4,2.8,4.6,0.524,1.2,0,0.03,-0.38,3,-13,980.1,-7.1,43.5
"2020-02-28 04:55:00",7012," 1582867061,00.00,00001.37,080.0,079.7,-07.4,002.7,03.6,0.607,001.1,000.0,-0.10,-0.28,0002,-017,0980.5,-07.2,43.6  ",1.582867E+09,0,1.37,80,79.7,-7.4,2.7,3.6,0.607,1.1,0,-0.1,-0.28,2,-17,980.5,-7.2,43.6
"2020-02-28 05:00:00",7013," 1582867361,00.00,00001.37,081.9,083.9,-07.4,002.6,03.9,0.579,001.2,000.0,-0.35,-0.40,0002,-024,0980.5,-07.2,43.5  ",1.582867E+09,0,1.37,81.9,83.9,-7.4,2.6,3.9,0.579,1.2,0,-0.35,-0.4,2,-24,980.5,-7.2,43.5
"2020-02-28 05:05:00",7014," 1582867661,00.00,00001.37,068.0,069.5,-07.5,002.7,02.9,0.686,001.0,000.0,-0.28,-0.26,0002,-024,0980.5,-07.2,43.6  ",1.582868E+09,0,1.37,68,69.5,-7.5,2.7,2.9,0.686,1,0,-0.28,-0.26,2,-24,980.5,-7.2,43.6
"2020-02-28 05:10:00",7015," 1582867961,00.00,00001.37,061.9,062.0,-07.6,002.6,02.4,0.751,000.9,000.0,-0.12,-0.37,0002,-023,0980.7,-07.3,43.7  ",1.582868E+09,0,1.37,61.9,62,-7.6,2.6,2.4,0.751,0.9,0,-0.12,-0.37,2,-23,980.7,-7.3,43.7
"2020-02-28 05:15:00",7016," 1582868261,00.00,00001.37,065.5,065.0,-07.7,002.5,02.6,0.725,001.0,000.0,-0.06,-0.33,0002,-021,0980.7,-07.4,43.8  ",1.582868E+09,0,1.37,65.5,65,-7.7,2.5,2.6,0.725,1,0,-0.06,-0.33,2,-21,980.7,-7.4,43.8
"2020-02-28 05:20:00",7017," 1582868561,00.00,00001.37,072.8,071.7,-07.7,002.4,03.0,0.669,001.0,000.1,-0.00,-0.25,0003,-035,0980.6,-07.4,43.8  ",1.582869E+09,0,1.37,72.8,71.7,-7.7,2.4,3,0.669,1,0.1,-0,-0.25,3,-35,980.6,-7.4,43.8
"2020-02-28 05:25:00",7018," 1582868861,00.00,00001.37,071.9,073.1,-07.8,002.4,03.1,0.659,001.0,000.1,-0.26,-0.35,0002,-058,0980.7,-07.5,43.9  ",1.582869E+09,0,1.37,71.9,73.1,-7.8,2.4,3.1,0.659,1,0.1,-0.26,-0.35,2,-58,980.7,-7.5,43.9
"2020-02-28 05:30:00",7019," 1582869161,00.00,00001.37,066.1,066.0,-07.9,002.2,02.6,0.718,001.0,000.1,-0.11,-0.26,0003,-041,0980.8,-07.6,44.0  ",1.582869E+09,0,1.37,66.1,66,-7.9,2.2,2.6,0.718,1,0.1,-0.11,-0.26,3,-41,980.8,-7.6,44
"2020-02-28 05:35:00",7020," 1582869461,00.00,00001.37,056.0,057.0,-07.9,002.1,02.1,0.797,000.9,000.1,-0.22,-0.32,0002,-050,0980.8,-07.6,44.0  ",1.58287E+09,0,1.37,56,57,-7.9,2.1,2.1,0.797,0.9,0.1,-0.22,-0.32,2,-50,980.8,-7.6,44
"2020-02-28 05:40:00",7021," 1582869761,00.00,00001.37,056.7,055.9,-07.9,002.0,02.0,0.806,000.9,000.1,-0.03,-0.47,0002,-054,0980.7,-07.6,43.9  ",1.58287E+09,0,1.37,56.7,55.9,-7.9,2,2,0.806,0.9,0.1,-0.03,-0.47,2,-54,980.7,-7.6,43.9
"2020-02-28 05:45:00",7022," 1582870061,00.00,00001.37,069.0,070.3,-07.8,001.9,02.9,0.682,001.0,000.1,-0.27,-0.37,0002,-039,0980.9,-07.6,43.8  ",1.58287E+09,0,1.37,69,70.3,-7.8,1.9,2.9,0.682,1,0.1,-0.27,-0.37,2,-39,980.9,-7.6,43.8
"2020-02-28 05:50:00",7023," 1582870361,00.00,00001.37,086.3,088.4,-07.9,001.7,04.2,0.553,001.2,000.1,-0.37,-0.41,0002,-037,0980.9,-07.7,44.1  ",1.58287E+09,0,1.37,86.3,88.4,-7.9,1.7,4.2,0.553,1.2,0.1,-0.37,-0.41,2,-37,980.9,-7.7,44.1
"2020-02-28 05:55:00",7024," 1582870661,00.00,00001.37,072.3,074.1,-08.0,001.9,03.2,0.653,001.1,000.1,-0.33,-0.46,0002,-060,0980.9,-07.8,44.2  ",1.582871E+09,0,1.37,72.3,74.1,-8,1.9,3.2,0.653,1.1,0.1,-0.33,-0.46,2,-60,980.9,-7.8,44.2
"2020-02-28 06:00:00",7025," 1582870961,00.00,00001.37,097.3,098.7,-08.0,001.8,05.0,0.495,001.3,000.1,-0.31,-0.47,0002,-049,0980.8,-07.8,44.2  ",1.582871E+09,0,1.37,97.3,98.7,-8,1.8,5,0.495,1.3,0.1,-0.31,-0.47,2,-49,980.8,-7.8,44.2
"2020-02-28 06:05:00",7026," 1582871261,00.00,00001.37,076.0,076.1,-08.0,001.8,03.3,0.637,001.1,000.1,-0.13,-0.29,0002,-048,0980.9,-07.8,44.2  ",1.582871E+09,0,1.37,76,76.1,-8,1.8,3.3,0.637,1.1,0.1,-0.13,-0.29,2,-48,980.9,-7.8,44.2
"2020-02-28 06:10:00",7027," 1582871562,00.00,00001.37,071.6,070.7,-08.1,001.8,02.9,0.680,001.0,000.1,-0.02,-0.50,0002,-039,0980.7,-07.8,44.1  ",1.582872E+09,0,1.37,71.6,70.7,-8.1,1.8,2.9,0.68,1,0.1,-0.02,-0.5,2,-39,980.7,-7.8,44.1
"2020-02-28 06:15:00",7028," 1582871861,00.00,00001.37,090.6,089.7,-08.1,001.8,04.3,0.546,001.2,000.1,-0.04,-0.20,0003,-035,0980.9,-07.8,44.1  ",1.582872E+09,0,1.37,90.6,89.7,-8.1,1.8,4.3,0.546,1.2,0.1,-0.04,-0.2,3,-35,980.9,-7.8,44.1
"2020-02-28 06:20:00",7029," 1582872161,00.00,00001.37,057.0,058.5,-08.1,001.8,02.2,0.785,000.9,000.0,-0.27,-0.37,0002,-027,0981.0,-07.8,44.1  ",1.582872E+09,0,1.37,57,58.5,-8.1,1.8,2.2,0.785,0.9,0,-0.27,-0.37,2,-27,981,-7.8,44.1
"2020-02-28 06:25:00",7030," 1582872461,00.00,00001.37,066.8,067.2,-08.1,001.8,02.7,0.709,001.0,000.0,-0.16,-0.23,0002,-029,0980.9,-07.8,44.1  ",1.582872E+09,0,1.37,66.8,67.2,-8.1,1.8,2.7,0.709,1,0,-0.16,-0.23,2,-29,980.9,-7.8,44.1
"2020-02-28 06:30:00",7031," 1582872761,00.00,00001.37,069.5,072.2,-08.0,001.7,03.0,0.668,001.0,000.1,-0.41,-0.35,0002,-032,0981.1,-07.8,44.0  ",1.582873E+09,0,1.37,69.5,72.2,-8,1.7,3,0.668,1,0.1,-0.41,-0.35,2,-32,981.1,-7.8,44
"2020-02-28 06:35:00",7032," 1582873061,00.00,00001.37,063.5,066.0,-08.1,001.7,02.6,0.719,001.0,000.0,-0.40,-0.47,0002,-028,0981.1,-07.8,44.1  ",1.582873E+09,0,1.37,63.5,66,-8.1,1.7,2.6,0.719,1,0,-0.4,-0.47,2,-28,981.1,-7.8,44.1
"2020-02-28 06:40:00",7033," 1582873361,00.00,00001.37,061.6,062.0,-08.1,001.7,02.4,0.754,000.9,000.1,-0.16,-0.39,0003,-039,0981.1,-07.9,44.1  ",1.582873E+09,0,1.37,61.6,62,-8.1,1.7,2.4,0.754,0.9,0.1,-0.16,-0.39,3,-39,981.1,-7.9,44.1
"2020-02-28 06:45:00",7034," 1582873661,00.00,00001.37,076.8,078.3,-08.2,001.7,03.5,0.622,001.1,000.1,-0.30,-0.44,0003,-050,0981.1,-07.9,44.1  ",1.582874E+09,0,1.37,76.8,78.3,-8.2,1.7,3.5,0.622,1.1,0.1,-0.3,-0.44,3,-50,981.1,-7.9,44.1
"2020-02-28 06:50:00",7035," 1582873961,00.00,00001.37,084.1,085.1,-08.3,001.6,03.9,0.576,001.2,000.1,-0.24,-0.43,0002,-052,0981.1,-08.0,44.2  ",1.582874E+09,0,1.37,84.1,85.1,-8.3,1.6,3.9,0.576,1.2,0.1,-0.24,-0.43,2,-52,981.1,-8,44.2
"2020-02-28 06:55:00",7036," 1582874261,00.00,00001.37,069.0,073.5,-08.2,001.6,03.1,0.658,001.0,000.1,-0.63,-0.37,0002,-040,0981.0,-08.0,44.3  ",1.582874E+09,0,1.37,69,73.5,-8.2,1.6,3.1,0.658,1,0.1,-0.63,-0.37,2,-40,981,-8,44.3
"2020-02-28 07:00:00",7037," 1582874561,00.00,00001.37,070.6,073.1,-08.3,001.7,03.1,0.662,001.0,000.1,-0.40,-0.53,0003,-039,0981.0,-08.0,44.3  ",1.582875E+09,0,1.37,70.6,73.1,-8.3,1.7,3.1,0.662,1,0.1,-0.4,-0.53,3,-39,981,-8,44.3
"2020-02-28 07:05:00",7038," 1582874861,00.00,00001.37,071.8,072.2,-08.2,001.6,03.0,0.669,001.0,000.1,-0.17,-0.41,0002,-046,0981.1,-08.0,44.2  ",1.582875E+09,0,1.37,71.8,72.2,-8.2,1.6,3,0.669,1,0.1,-0.17,-0.41,2,-46,981.1,-8,44.2
"2020-02-28 07:10:00",7039," 1582875161,00.00,00001.37,073.6,075.0,-08.2,001.6,03.2,0.647,001.1,000.1,-0.28,-0.31,0002,-041,0981.1,-07.9,44.1  ",1.582875E+09,0,1.37,73.6,75,-8.2,1.6,3.2,0.647,1.1,0.1,-0.28,-0.31,2,-41,981.1,-7.9,44.1
"2020-02-28 07:15:00",7040," 1582875461,00.00,00001.37,075.2,075.7,-08.2,001.6,03.3,0.641,001.1,000.1,-0.18,-0.26,0002,-031,0980.9,-07.9,44.0  ",1.582876E+09,0,1.37,75.2,75.7,-8.2,1.6,3.3,0.641,1.1,0.1,-0.18,-0.26,2,-31,980.9,-7.9,44
"2020-02-28 07:20:00",7041," 1582875761,00.00,00001.37,069.9,069.2,-08.3,001.6,02.8,0.693,001.0,000.1,-0.04,-0.24,0003,-042,0981.1,-07.9,44.0  ",1.582876E+09,0,1.37,69.9,69.2,-8.3,1.6,2.8,0.693,1,0.1,-0.04,-0.24,3,-42,981.1,-7.9,44
"2020-02-28 07:25:00",7042," 1582876061,00.00,00001.37,095.0,096.4,-08.0,001.6,04.8,0.507,001.3,000.1,-0.30,-0.44,0002,-041,0980.7,-07.9,43.9  ",1.582876E+09,0,1.37,95,96.4,-8,1.6,4.8,0.507,1.3,0.1,-0.3,-0.44,2,-41,980.7,-7.9,43.9
"2020-02-28 07:30:00",7043," 1582876361,00.00,00001.37,079.4,080.0,-08.1,001.7,03.6,0.609,001.1,000.1,-0.21,-0.47,0003,-041,0980.7,-07.9,43.9  ",1.582876E+09,0,1.37,79.4,80,-8.1,1.7,3.6,0.609,1.1,0.1,-0.21,-0.47,3,-41,980.7,-7.9,43.9
"2020-02-28 07:35:00",7044," 1582876661,00.00,00001.37,088.0,089.4,-08.2,001.8,04.3,0.548,001.2,000.1,-0.30,-0.37,0002,-041,0980.8,-07.9,44.0  ",1.582877E+09,0,1.37,88,89.4,-8.2,1.8,4.3,0.548,1.2,0.1,-0.3,-0.37,2,-41,980.8,-7.9,44
"2020-02-28 07:40:00",7045," 1582876961,00.00,00001.37,095.2,095.6,-08.3,001.7,04.7,0.513,001.3,000.1,-0.20,-0.41,0002,-041,0980.8,-08.0,44.0  ",1.582877E+09,0,1.37,95.2,95.6,-8.3,1.7,4.7,0.513,1.3,0.1,-0.2,-0.41,2,-41,980.8,-8,44
"2020-02-28 07:45:00",7046," 1582877261,00.00,00001.37,066.0,064.9,-08.3,001.7,02.5,0.730,001.0,000.1,00.01,-0.46,0003,-043,0980.9,-08.0,44.1  ",1.582877E+09,0,1.37,66,64.9,-8.3,1.7,2.5,0.73,1,0.1,0.01,-0.46,3,-43,980.9,-8,44.1
"2020-02-28 07:50:00",7047," 1582877561,00.00,00001.37,066.2,069.2,-08.4,001.7,02.8,0.694,001.0,000.1,-0.45,-0.41,0002,-045,0980.9,-08.1,44.2  ",1.582878E+09,0,1.37,66.2,69.2,-8.4,1.7,2.8,0.694,1,0.1,-0.45,-0.41,2,-45,980.9,-8.1,44.2
"2020-02-28 07:55:00",7048," 1582877861,00.00,00001.37,081.6,081.5,-08.3,001.6,03.7,0.600,001.1,000.1,-0.13,-0.50,0003,-047,0980.8,-08.0,44.1  ",1.582878E+09,0,1.37,81.6,81.5,-8.3,1.6,3.7,0.6,1.1,0.1,-0.13,-0.5,3,-47,980.8,-8,44.1
"2020-02-28 08:00:00",7049," 1582878161,00.00,00001.37,070.0,073.3,-08.3,001.6,03.1,0.660,001.0,000.1,-0.49,-0.43,0002,-047,0980.8,-08.0,43.9  ",1.582878E+09,0,1.37,70,73.3,-8.3,1.6,3.1,0.66,1,0.1,-0.49,-0.43,2,-47,980.8,-8,43.9
"2020-02-28 08:05:00",7050," 1582878461,00.00,00001.37,072.9,073.5,-08.3,001.6,03.1,0.659,001.0,000.1,-0.19,-0.44,0002,-048,0981.0,-08.1,44.1  ",1.582878E+09,0,1.37,72.9,73.5,-8.3,1.6,3.1,0.659,1,0.1,-0.19,-0.44,2,-48,981,-8.1,44.1
"2020-02-28 08:10:00",7051," 1582878761,00.00,00001.37,075.2,076.3,-08.5,001.5,03.3,0.639,001.1,000.1,-0.25,-0.31,0002,-046,0981.1,-08.2,44.4  ",1.582879E+09,0,1.37,75.2,76.3,-8.5,1.5,3.3,0.639,1.1,0.1,-0.25,-0.31,2,-46,981.1,-8.2,44.4
"2020-02-28 08:15:00",7052," 1582879061,00.00,00001.37,088.5,087.2,-08.6,001.4,04.1,0.564,001.2,000.1,-0.00,-0.46,0003,-053,0981.1,-08.3,44.5  ",1.582879E+09,0,1.37,88.5,87.2,-8.6,1.4,4.1,0.564,1.2,0.1,-0,-0.46,3,-53,981.1,-8.3,44.5
"2020-02-28 08:20:00",7053," 1582879361,00.00,00001.37,083.5,085.6,-08.7,001.4,03.9,0.575,001.2,000.1,-0.37,-0.39,0002,-060,0980.7,-08.4,44.6  ",1.582879E+09,0,1.37,83.5,85.6,-8.7,1.4,3.9,0.575,1.2,0.1,-0.37,-0.39,2,-60,980.7,-8.4,44.6
"2020-02-28 08:25:00",7054," 1582879661,00.00,00001.37,081.6,082.1,-08.7,001.3,03.7,0.598,001.1,000.1,-0.20,-0.40,0002,-062,0980.7,-08.6,44.8  ",1.58288E+09,0,1.37,81.6,82.1,-8.7,1.3,3.7,0.598,1.1,0.1,-0.2,-0.4,2,-62,980.7,-8.6,44.8
"2020-02-28 08:30:00",7055," 1582879961,00.00,00001.37,077.2,080.9,-08.8,001.3,03.6,0.607,001.1,000.1,-0.55,-0.43,0002,-063,0981.0,-08.6,44.9  ",1.58288E+09,0,1.37,77.2,80.9,-8.8,1.3,3.6,0.607,1.1,0.1,-0.55,-0.43,2,-63,981,-8.6,44.9
"2020-02-28 08:35:00",7056," 1582880261,00.00,00001.37,107.5,105.9,-08.8,001.0,05.5,0.465,001.4,000.1,00.01,-0.42,0002,-066,0980.7,-08.6,44.8  ",1.58288E+09,0,1.37,107.5,105.9,-8.8,1,5.5,0.465,1.4,0.1,0.01,-0.42,2,-66,980.7,-8.6,44.8
"2020-02-28 08:40:00",7057," 1582880561,00.00,00001.37,068.4,071.7,-09.1,001.2,03.0,0.678,001.0,000.1,-0.50,-0.47,0002,-067,0980.9,-08.8,45.1  ",1.582881E+09,0,1.37,68.4,71.7,-9.1,1.2,3,0.678,1,0.1,-0.5,-0.47,2,-67,980.9,-8.8,45.1
"2020-02-28 08:45:00",7058," 1582880861,00.00,00001.37,056.9,059.0,-09.1,001.1,02.1,0.786,000.9,000.1,-0.35,-0.47,0002,-071,0981.2,-08.9,45.2  ",1.582881E+09,0,1.37,56.9,59,-9.1,1.1,2.1,0.786,0.9,0.1,-0.35,-0.47,2,-71,981.2,-8.9,45.2
"2020-02-28 08:50:00",7059," 1582881161,00.00,00001.37,094.0,096.4,-09.2,000.9,04.7,0.514,001.3,000.1,-0.43,-0.37,0002,-073,0981.2,-08.9,45.2  ",1.582881E+09,0,1.37,94,96.4,-9.2,0.9,4.7,0.514,1.3,0.1,-0.43,-0.37,2,-73,981.2,-8.9,45.2
"2020-02-28 08:55:00",7060," 1582881461,00.00,00001.37,063.5,064.5,-09.2,000.9,02.5,0.738,001.0,000.1,-0.24,-0.55,0002,-066,0981.3,-09.0,45.3  ",1.582881E+09,0,1.37,63.5,64.5,-9.2,0.9,2.5,0.738,1,0.1,-0.24,-0.55,2,-66,981.3,-9,45.3
"2020-02-28 09:00:00",7061," 1582881761,00.00,00001.37,071.7,074.3,-09.3,000.8,03.1,0.659,001.1,000.1,-0.42,-0.31,0002,-068,0981.4,-09.0,45.2  ",1.582882E+09,0,1.37,71.7,74.3,-9.3,0.8,3.1,0.659,1.1,0.1,-0.42,-0.31,2,-68,981.4,-9,45.2
"2020-02-28 09:05:00",7062," 1582882061,00.00,00001.37,081.4,082.9,-09.4,000.7,03.7,0.597,001.1,000.1,-0.31,-0.37,0003,-072,0981.3,-09.0,45.3  ",1.582882E+09,0,1.37,81.4,82.9,-9.4,0.7,3.7,0.597,1.1,0.1,-0.31,-0.37,3,-72,981.3,-9,45.3
"2020-02-28 09:10:00",7063," 1582882361,00.00,00001.37,068.5,068.8,-09.5,000.6,02.7,0.704,001.0,000.1,-0.16,-0.30,0002,-072,0981.1,-09.2,45.6  ",1.582882E+09,0,1.37,68.5,68.8,-9.5,0.6,2.7,0.704,1,0.1,-0.16,-0.3,2,-72,981.1,-9.2,45.6
"2020-02-28 09:15:00",7064," 1582882661,00.00,00001.37,079.8,082.0,-09.6,000.5,03.6,0.604,001.1,000.1,-0.39,-0.39,0002,-075,0981.5,-09.3,45.7  ",1.582883E+09,0,1.37,79.8,82,-9.6,0.5,3.6,0.604,1.1,0.1,-0.39,-0.39,2,-75,981.5,-9.3,45.7
"2020-02-28 09:20:00",7065," 1582882961,00.00,00001.37,073.0,074.3,-09.7,000.4,03.1,0.661,001.1,000.1,-0.28,-0.39,0002,-076,0981.7,-09.4,45.7  ",1.582883E+09,0,1.37,73,74.3,-9.7,0.4,3.1,0.661,1.1,0.1,-0.28,-0.39,2,-76,981.7,-9.4,45.7
"2020-02-28 09:25:00",7066," 1582883261,00.00,00001.37,078.0,082.5,-09.7,000.3,03.6,0.602,001.1,000.1,-0.65,-0.48,0002,-071,0981.7,-09.5,45.8  ",1.582883E+09,0,1.37,78,82.5,-9.7,0.3,3.6,0.602,1.1,0.1,-0.65,-0.48,2,-71,981.7,-9.5,45.8
"2020-02-28 09:30:00",7067," 1582883561,00.00,00001.37,095.1,096.7,-09.7,000.2,04.7,0.515,001.3,000.1,-0.35,-0.44,0002,-072,0981.6,-09.4,45.8  ",1.582884E+09,0,1.37,95.1,96.7,-9.7,0.2,4.7,0.515,1.3,0.1,-0.35,-0.44,2,-72,981.6,-9.4,45.8
"2020-02-28 09:35:00",7068," 1582883861,00.00,00001.37,087.1,085.5,-09.6,000.2,03.9,0.582,001.2,000.1,00.05,-0.43,0002,-050,0981.8,-09.4,45.7  ",1.582884E+09,0,1.37,87.1,85.5,-9.6,0.2,3.9,0.582,1.2,0.1,0.05,-0.43,2,-50,981.8,-9.4,45.7
"2020-02-28 09:40:00",7069," 1582884161,00.00,00001.37,081.8,080.1,-09.6,000.3,03.5,0.618,001.1,000.0,00.06,-0.24,0002,-031,0981.9,-09.4,45.6  ",1.582884E+09,0,1.37,81.8,80.1,-9.6,0.3,3.5,0.618,1.1,0,0.06,-0.24,2,-31,981.9,-9.4,45.6
"2020-02-28 09:45:00",7070," 1582884461,00.00,00001.37,064.4,065.4,-09.6,000.3,02.5,0.733,001.0,000.0,-0.23,-0.44,0002,-028,0982.0,-09.4,45.6  ",1.582884E+09,0,1.37,64.4,65.4,-9.6,0.3,2.5,0.733,1,0,-0.23,-0.44,2,-28,982,-9.4,45.6
"2020-02-28 09:50:00",7071," 1582884761,00.00,00001.37,077.7,079.5,-09.6,000.3,03.4,0.622,001.1,000.0,-0.33,-0.56,0002,-022,0982.1,-09.4,45.5  ",1.582885E+09,0,1.37,77.7,79.5,-9.6,0.3,3.4,0.622,1.1,0,-0.33,-0.56,2,-22,982.1,-9.4,45.5
"2020-02-28 09:55:00",7072," 1582885061,00.00,00001.37,085.8,085.1,-09.6,000.4,03.8,0.584,001.2,000.0,-0.05,-0.39,0002,-019,0982.1,-09.4,45.5  ",1.582885E+09,0,1.37,85.8,85.1,-9.6,0.4,3.8,0.584,1.2,0,-0.05,-0.39,2,-19,982.1,-9.4,45.5
"2020-02-28 10:00:00",7073," 1582885361,00.00,00001.37,097.7,098.2,-09.6,000.4,04.8,0.507,001.3,000.0,-0.20,-0.28,0002,-019,0982.2,-09.4,45.5  ",1.582885E+09,0,1.37,97.7,98.2,-9.6,0.4,4.8,0.507,1.3,0,-0.2,-0.28,2,-19,982.2,-9.4,45.5
"2020-02-28 10:05:00",7074," 1582885661,00.00,00001.37,099.0,098.8,-09.6,000.3,04.8,0.504,001.3,000.0,-0.13,-0.25,0002,-018,0982.4,-09.4,45.6  ",1.582886E+09,0,1.37,99,98.8,-9.6,0.3,4.8,0.504,1.3,0,-0.13,-0.25,2,-18,982.4,-9.4,45.6
"2020-02-28 10:10:00",7075," 1582885961,00.00,00001.37,101.4,100.8,-09.6,000.5,05.0,0.494,001.3,000.0,-0.09,-0.39,0003,-020,0982.2,-09.4,45.5  ",1.582886E+09,0,1.37,101.4,100.8,-9.6,0.5,5,0.494,1.3,0,-0.09,-0.39,3,-20,982.2,-9.4,45.5
"2020-02-28 10:15:00",7076," 1582886261,00.00,00001.37,057.9,060.2,-09.6,000.5,02.2,0.778,000.9,000.0,-0.36,-0.27,0002,-026,0982.4,-09.4,45.4  ",1.582886E+09,0,1.37,57.9,60.2,-9.6,0.5,2.2,0.778,0.9,0,-0.36,-0.27,2,-26,982.4,-9.4,45.4
"2020-02-28 10:20:00",7077," 1582886561,00.00,00001.37,080.5,080.7,-09.7,000.5,03.5,0.614,001.1,000.0,-0.16,-0.38,0002,-027,0982.5,-09.4,45.5  ",1.582887E+09,0,1.37,80.5,80.7,-9.7,0.5,3.5,0.614,1.1,0,-0.16,-0.38,2,-27,982.5,-9.4,45.5
"2020-02-28 10:25:00",7078," 1582886861,00.00,00001.37,076.6,076.7,-09.7,000.5,03.2,0.644,001.1,000.1,-0.14,-0.33,0002,-030,0982.7,-09.5,45.6  ",1.582887E+09,0,1.37,76.6,76.7,-9.7,0.5,3.2,0.644,1.1,0.1,-0.14,-0.33,2,-30,982.7,-9.5,45.6
"2020-02-28 10:30:00",7079," 1582887161,00.00,00001.37,089.0,090.0,-09.9,000.5,04.2,0.555,001.2,000.1,-0.25,-0.36,0002,-036,0982.7,-09.6,45.9  ",1.582887E+09,0,1.37,89,90,-9.9,0.5,4.2,0.555,1.2,0.1,-0.25,-0.36,2,-36,982.7,-9.6,45.9
"2020-02-28 10:35:00",7080," 1582887461,00.00,00001.37,098.1,100.0,-10.0,000.3,04.9,0.500,001.3,000.0,-0.36,-0.61,0003,-030,0982.7,-09.8,46.0  ",1.582887E+09,0,1.37,98.1,100,-10,0.3,4.9,0.5,1.3,0,-0.36,-0.61,3,-30,982.7,-9.8,46
"2020-02-28 10:40:00",7081," 1582887761,00.00,00001.37,075.9,076.5,-10.0,000.3,03.2,0.647,001.1,000.1,-0.20,-0.40,0002,-033,0982.8,-09.8,46.0  ",1.582888E+09,0,1.37,75.9,76.5,-10,0.3,3.2,0.647,1.1,0.1,-0.2,-0.4,2,-33,982.8,-9.8,46
"2020-02-28 10:45:00",7082," 1582888061,00.00,00001.37,079.4,079.7,-10.1,000.2,03.4,0.624,001.1,000.0,-0.16,-0.30,0002,-027,0982.9,-09.9,46.1  ",1.582888E+09,0,1.37,79.4,79.7,-10.1,0.2,3.4,0.624,1.1,0,-0.16,-0.3,2,-27,982.9,-9.9,46.1
"2020-02-28 10:50:00",7083," 1582888361,00.00,00001.37,085.5,086.4,-10.2,-00.1,03.9,0.579,001.2,000.1,-0.24,-0.45,0002,-037,0983.0,-10.0,46.3  ",1.582888E+09,0,1.37,85.5,86.4,-10.2,-0.1,3.9,0.579,1.2,0.1,-0.24,-0.45,2,-37,983,-10,46.3
"2020-02-28 10:55:00",7084," 1582888661,00.00,00001.37,084.4,084.9,-10.2,000.1,03.8,0.589,001.2,000.0,-0.19,-0.39,0003,-019,0982.9,-10.0,46.1  ",1.582889E+09,0,1.37,84.4,84.9,-10.2,0.1,3.8,0.589,1.2,0,-0.19,-0.39,3,-19,982.9,-10,46.1
"2020-02-28 11:00:00",7085," 1582888961,00.00,00001.37,071.0,071.0,-10.2,000.1,02.8,0.691,001.0,000.0,-0.12,-0.40,0002,-017,0983.1,-10.0,46.1  ",1.582889E+09,0,1.37,71,71,-10.2,0.1,2.8,0.691,1,0,-0.12,-0.4,2,-17,983.1,-10,46.1
"2020-02-28 11:05:00",7086," 1582889261,00.00,00001.37,080.1,081.9,-10.3,000.0,03.6,0.609,001.1,000.1,-0.34,-0.42,0002,-042,0983.1,-10.0,46.1  ",1.582889E+09,0,1.37,80.1,81.9,-10.3,0,3.6,0.609,1.1,0.1,-0.34,-0.42,2,-42,983.1,-10,46.1
"2020-02-28 11:10:00",7087," 1582889561,00.00,00001.37,078.6,079.0,-10.3,-00.0,03.4,0.630,001.1,000.0,-0.18,-0.43,0002,-021,0983.1,-10.0,46.2  ",1.58289E+09,0,1.37,78.6,79,-10.3,-0,3.4,0.63,1.1,0,-0.18,-0.43,2,-21,983.1,-10,46.2
"2020-02-28 11:15:00",7088," 1582889861,00.00,00001.37,081.5,084.5,-10.3,-00.1,03.7,0.593,001.2,000.0,-0.47,-0.45,0002,-020,0983.2,-10.1,46.2  ",1.58289E+09,0,1.37,81.5,84.5,-10.3,-0.1,3.7,0.593,1.2,0,-0.47,-0.45,2,-20,983.2,-10.1,46.2
"2020-02-28 11:20:00",7089," 1582890161,00.00,00001.37,090.4,089.5,-10.4,-00.1,04.1,0.561,001.2,000.1,-0.04,-0.26,0003,-032,0983.2,-10.2,46.3  ",1.58289E+09,0,1.37,90.4,89.5,-10.4,-0.1,4.1,0.561,1.2,0.1,-0.04,-0.26,3,-32,983.2,-10.2,46.3
"2020-02-28 11:25:00",7090," 1582890461,00.00,00001.37,108.8,107.7,-10.5,-00.2,05.5,0.466,001.4,000.0,-0.04,-0.48,0002,-019,0983.2,-10.3,46.5  ",1.58289E+09,0,1.37,108.8,107.7,-10.5,-0.2,5.5,0.466,1.4,0,-0.04,-0.48,2,-19,983.2,-10.3,46.5
"2020-02-28 11:30:00",7091," 1582890761,00.00,00001.37,063.1,063.8,-10.6,-00.1,02.4,0.753,001.0,000.0,-0.20,-0.32,0003,-032,0983.2,-10.3,46.5  ",1.582891E+09,0,1.37,63.1,63.8,-10.6,-0.1,2.4,0.753,1,0,-0.2,-0.32,3,-32,983.2,-10.3,46.5
"2020-02-28 11:35:00",7092," 1582891061,00.00,00001.37,073.1,074.3,-10.6,-00.5,03.0,0.667,001.1,000.0,-0.26,-0.46,0004,-021,0983.2,-10.3,46.5  ",1.582891E+09,0,1.37,73.1,74.3,-10.6,-0.5,3,0.667,1.1,0,-0.26,-0.46,4,-21,983.2,-10.3,46.5
"2020-02-28 11:40:00",7093," 1582891361,00.00,00001.37,092.5,093.3,-10.5,-00.2,04.4,0.539,001.2,000.0,-0.22,-0.33,0005,-019,0983.3,-10.3,46.5  ",1.582891E+09,0,1.37,92.5,93.3,-10.5,-0.2,4.4,0.539,1.2,0,-0.22,-0.33,5,-19,983.3,-10.3,46.5
"2020-02-28 11:45:00",7094," 1582891661,00.00,00001.37,081.9,084.1,-10.5,-00.2,03.7,0.596,001.2,000.0,-0.38,-0.43,0007,-026,0983.5,-10.3,46.4  ",1.582892E+09,0,1.37,81.9,84.1,-10.5,-0.2,3.7,0.596,1.2,0,-0.38,-0.43,7,-26,983.5,-10.3,46.4
"2020-02-28 11:50:00",7095," 1582891961,00.00,00001.37,088.6,086.0,-10.6,-00.3,03.8,0.584,001.2,-00.0,00.17,-0.43,0010,-014,0983.4,-10.3,46.4  ",1.582892E+09,0,1.37,88.6,86,-10.6,-0.3,3.8,0.584,1.2,-0,0.17,-0.43,10,-14,983.4,-10.3,46.4
"2020-02-28 11:55:00",7096," 1582892261,00.00,00001.37,099.3,096.6,-10.6,-00.3,04.6,0.522,001.3,-00.0,00.17,-0.24,0012,-013,0983.6,-10.4,46.5  ",1.582892E+09,0,1.37,99.3,96.6,-10.6,-0.3,4.6,0.522,1.3,-0,0.17,-0.24,12,-13,983.6,-10.4,46.5
"2020-02-28 12:00:00",7097," 1582892561,00.00,00001.37,087.0,086.5,-10.5,000.0,03.9,0.581,001.2,-00.1,-0.07,-0.24,0019,-022,0983.8,-10.3,46.3  ",1.582893E+09,0,1.37,87,86.5,-10.5,0,3.9,0.581,1.2,-0.1,-0.07,-0.24,19,-22,983.8,-10.3,46.3
"2020-02-28 12:05:00",7098," 1582892861,00.00,00001.37,078.0,077.9,-10.5,-00.4,03.3,0.640,001.1,-00.1,-0.10,-0.40,0026,-033,0983.6,-10.3,46.3  ",1.582893E+09,0,1.37,78,77.9,-10.5,-0.4,3.3,0.64,1.1,-0.1,-0.1,-0.4,26,-33,983.6,-10.3,46.3
"2020-02-28 12:10:00",7099," 1582893162,00.00,00001.37,101.1,100.9,-10.5,-00.4,04.9,0.499,001.3,-00.2,-0.11,-0.45,0038,-030,0983.9,-10.4,46.4  ",1.582893E+09,0,1.37,101.1,100.9,-10.5,-0.4,4.9,0.499,1.3,-0.2,-0.11,-0.45,38,-30,983.9,-10.4,46.4
"2020-02-28 12:15:00",7100," 1582893461,00.00,00001.37,088.0,090.4,-10.4,-00.2,04.2,0.556,001.2,-00.3,-0.36,-0.48,0067,-039,0983.6,-10.3,46.3  ",1.582893E+09,0,1.37,88,90.4,-10.4,-0.2,4.2,0.556,1.2,-0.3,-0.36,-0.48,67,-39,983.6,-10.3,46.3
"2020-02-28 12:20:00",7101," 1582893761,00.00,00001.37,074.0,075.1,-10.3,-00.0,03.1,0.660,001.1,-00.4,-0.19,-0.47,0086,-037,0983.9,-10.0,45.8  ",1.582894E+09,0,1.37,74,75.1,-10.3,-0,3.1,0.66,1.1,-0.4,-0.19,-0.47,86,-37,983.9,-10,45.8
"2020-02-28 12:25:00",7102," 1582894061,00.00,00001.37,071.3,076.1,-10.1,000.1,03.2,0.651,001.1,-00.6,-0.58,-0.33,0116,-035,0983.9,-09.9,45.7  ",1.582894E+09,0,1.37,71.3,76.1,-10.1,0.1,3.2,0.651,1.1,-0.6,-0.58,-0.33,116,-35,983.9,-9.9,45.7
"2020-02-28 12:30:00",7103," 1582894361,00.00,00001.37,091.9,096.1,-10.1,000.2,04.6,0.522,001.3,-00.5,-0.55,-0.43,0096,-022,0984.0,-10.0,45.9  ",1.582894E+09,0,1.37,91.9,96.1,-10.1,0.2,4.6,0.522,1.3,-0.5,-0.55,-0.43,96,-22,984,-10,45.9
"2020-02-28 12:35:00",7104," 1582894661,00.00,00001.37,076.1,077.5,-10.2,000.4,03.3,0.642,001.1,-00.4,-0.23,-0.53,0076,-021,0984.0,-10.1,46.0  ",1.582895E+09,0,1.37,76.1,77.5,-10.2,0.4,3.3,0.642,1.1,-0.4,-0.23,-0.53,76,-21,984,-10.1,46
"2020-02-28 12:40:00",7105," 1582894961,00.00,00001.37,077.9,078.7,-10.2,000.4,03.4,0.632,001.1,-00.5,-0.16,-0.41,0086,-022,0984.0,-10.0,45.8  ",1.582895E+09,0,1.37,77.9,78.7,-10.2,0.4,3.4,0.632,1.1,-0.5,-0.16,-0.41,86,-22,984,-10,45.8
"2020-02-28 12:45:00",7106," 1582895261,00.00,00001.37,061.1,064.3,-10.0,000.5,02.4,0.746,001.0,-00.4,-0.41,-0.31,0075,-012,0984.3,-09.8,45.5  ",1.582895E+09,0,1.37,61.1,64.3,-10,0.5,2.4,0.746,1,-0.4,-0.41,-0.31,75,-12,984.3,-9.8,45.5
"2020-02-28 12:50:00",7107," 1582895561,00.00,00001.37,087.3,087.4,-10.2,000.5,04.0,0.573,001.2,-00.5,-0.09,-0.45,0090,-032,0984.4,-09.9,45.7  ",1.582896E+09,0,1.37,87.3,87.4,-10.2,0.5,4,0.573,1.2,-0.5,-0.09,-0.45,90,-32,984.4,-9.9,45.7
"2020-02-28 12:55:00",7108," 1582895861,00.00,00001.37,076.6,081.4,-10.0,000.6,03.6,0.612,001.1,-00.6,-0.60,-0.44,0111,-018,0984.3,-09.8,45.4  ",1.582896E+09,0,1.37,76.6,81.4,-10,0.6,3.6,0.612,1.1,-0.6,-0.6,-0.44,111,-18,984.3,-9.8,45.4
"2020-02-28 13:00:00",7109," 1582896161,00.00,00001.37,082.9,081.2,-10.0,000.7,03.5,0.613,001.1,-00.6,00.13,-0.31,0107,-028,0984.4,-09.8,45.4  ",1.582896E+09,0,1.37,82.9,81.2,-10,0.7,3.5,0.613,1.1,-0.6,0.13,-0.31,107,-28,984.4,-9.8,45.4
"2020-02-28 13:05:00",7110," 1582896461,00.00,00001.37,080.9,081.9,-09.8,000.8,03.6,0.607,001.1,-00.8,-0.15,-0.43,0141,-029,0984.3,-09.5,45.0  ",1.582897E+09,0,1.37,80.9,81.9,-9.8,0.8,3.6,0.607,1.1,-0.8,-0.15,-0.43,141,-29,984.3,-9.5,45
"2020-02-28 13:10:00",7111," 1582896761,00.00,00001.37,085.8,089.5,-09.9,000.7,04.1,0.558,001.2,-00.7,-0.47,-0.30,0131,-020,0984.3,-10.0,45.7  ",1.582897E+09,0,1.37,85.8,89.5,-9.9,0.7,4.1,0.558,1.2,-0.7,-0.47,-0.3,131,-20,984.3,-10,45.7
"2020-02-28 13:15:00",7112," 1582897061,00.00,00001.37,098.6,100.2,-09.9,000.8,04.9,0.499,001.3,-00.7,-0.24,-0.50,0132,-021,0984.4,-09.9,45.6  ",1.582897E+09,0,1.37,98.6,100.2,-9.9,0.8,4.9,0.499,1.3,-0.7,-0.24,-0.5,132,-21,984.4,-9.9,45.6
"2020-02-28 13:20:00",7113," 1582897361,00.00,00001.37,073.2,075.6,-09.5,001.0,03.2,0.651,001.1,-00.9,-0.29,-0.43,0159,-019,0984.4,-09.6,45.1  ",1.582897E+09,0,1.37,73.2,75.6,-9.5,1,3.2,0.651,1.1,-0.9,-0.29,-0.43,159,-19,984.4,-9.6,45.1
"2020-02-28 13:25:00",7114," 1582897661,00.00,00001.37,090.6,092.5,-09.7,001.1,04.4,0.539,001.2,-00.9,-0.26,-0.32,0153,-018,0984.6,-09.5,45.1  ",1.582898E+09,0,1.37,90.6,92.5,-9.7,1.1,4.4,0.539,1.2,-0.9,-0.26,-0.32,153,-18,984.6,-9.5,45.1
"2020-02-28 13:30:00",7115," 1582897961,00.00,00001.37,083.1,083.1,-09.4,001.2,03.7,0.597,001.1,-01.0,-0.02,-0.36,0168,-019,0984.7,-09.5,45.1  ",1.582898E+09,0,1.37,83.1,83.1,-9.4,1.2,3.7,0.597,1.1,-1,-0.02,-0.36,168,-19,984.7,-9.5,45.1
"2020-02-28 13:35:00",7116," 1582898261,00.00,00001.37,079.9,082.9,-09.8,001.3,03.7,0.600,001.1,-01.1,-0.34,-0.46,0187,-015,0984.7,-09.4,45.0  ",1.582898E+09,0,1.37,79.9,82.9,-9.8,1.3,3.7,0.6,1.1,-1.1,-0.34,-0.46,187,-15,984.7,-9.4,45
"2020-02-28 13:40:00",7117," 1582898561,00.00,00001.37,053.5,056.8,-09.3,001.5,02.0,0.807,000.9,-01.2,-0.34,-0.28,0199,-019,0984.7,-09.0,44.3  ",1.582899E+09,0,1.37,53.5,56.8,-9.3,1.5,2,0.807,0.9,-1.2,-0.34,-0.28,199,-19,984.7,-9,44.3
"2020-02-28 13:45:00",7118," 1582898861,00.00,00001.37,087.2,086.8,-09.7,001.5,03.9,0.575,001.2,-01.1,00.03,-0.31,0187,-020,0984.8,-09.5,45.1  ",1.582899E+09,0,1.37,87.2,86.8,-9.7,1.5,3.9,0.575,1.2,-1.1,0.03,-0.31,187,-20,984.8,-9.5,45.1
"2020-02-28 13:50:00",7119," 1582899161,00.00,00001.37,069.3,071.2,-09.3,001.6,02.9,0.684,001.0,-01.1,-0.21,-0.31,0201,-033,0984.6,-09.2,44.7  ",1.582899E+09,0,1.37,69.3,71.2,-9.3,1.6,2.9,0.684,1,-1.1,-0.21,-0.31,201,-33,984.6,-9.2,44.7
"2020-02-28 13:55:00",7120," 1582899461,00.00,00001.37,068.1,074.0,-08.9,001.9,03.1,0.660,001.1,-01.9,-0.57,-0.52,0318,-017,0984.8,-08.2,43.0  ",1.582899E+09,0,1.37,68.1,74,-8.9,1.9,3.1,0.66,1.1,-1.9,-0.57,-0.52,318,-17,984.8,-8.2,43
"2020-02-28 14:00:00",7121," 1582899761,00.00,00001.37,080.0,081.9,-08.8,002.1,03.6,0.602,001.1,-02.1,-0.11,-0.41,0361,-053,0984.7,-08.3,43.3  ",1.5829E+09,0,1.37,80,81.9,-8.8,2.1,3.6,0.602,1.1,-2.1,-0.11,-0.41,361,-53,984.7,-8.3,43.3
"2020-02-28 14:05:00",7122," 1582900061,00.00,00001.37,056.2,056.4,-08.0,003.0,02.0,0.803,000.9,-00.9,-0.02,-0.24,0179,-071,0984.8,-08.0,43.4  ",1.5829E+09,0,1.37,56.2,56.4,-8,3,2,0.803,0.9,-0.9,-0.02,-0.24,179,-71,984.8,-8,43.4
"2020-02-28 14:10:00",7123," 1582900361,00.00,00001.37,088.2,091.2,-09.3,002.9,04.3,0.545,001.2,-01.0,-0.36,-0.59,0189,-076,0984.8,-09.3,45.3  ",1.5829E+09,0,1.37,88.2,91.2,-9.3,2.9,4.3,0.545,1.2,-1,-0.36,-0.59,189,-76,984.8,-9.3,45.3
"2020-02-28 14:15:00",7124," 1582900661,00.00,00001.37,098.1,099.0,-09.1,003.1,04.9,0.501,001.3,-01.4,-0.09,-0.44,0244,-049,0984.6,-08.8,44.5  ",1.582901E+09,0,1.37,98.1,99,-9.1,3.1,4.9,0.501,1.3,-1.4,-0.09,-0.44,244,-49,984.6,-8.8,44.5
"2020-02-28 14:20:00",7125," 1582900961,00.00,00001.37,083.9,087.1,-08.8,003.2,04.0,0.567,001.2,-02.4,-0.22,-0.33,0420,-042,0984.8,-07.9,42.9  ",1.582901E+09,0,1.37,83.9,87.1,-8.8,3.2,4,0.567,1.2,-2.4,-0.22,-0.33,420,-42,984.8,-7.9,42.9
"2020-02-28 14:25:00",7126," 1582901261,00.00,00001.37,091.6,094.7,-08.8,003.4,04.6,0.522,001.3,-02.0,-0.28,-0.37,0346,-055,0985.0,-07.6,42.5  ",1.582901E+09,0,1.37,91.6,94.7,-8.8,3.4,4.6,0.522,1.3,-2,-0.28,-0.37,346,-55,985,-7.6,42.5
"2020-02-28 14:30:00",7127," 1582901561,00.00,00001.37,095.8,097.3,-08.8,003.6,04.8,0.508,001.3,-01.6,-0.14,-0.38,0272,-033,0984.9,-08.8,44.4  ",1.582902E+09,0,1.37,95.8,97.3,-8.8,3.6,4.8,0.508,1.3,-1.6,-0.14,-0.38,272,-33,984.9,-8.8,44.4
"2020-02-28 14:35:00",7128," 1582901861,00.00,00001.37,070.5,071.0,-08.8,003.5,02.9,0.683,001.0,-01.5,-0.00,-0.34,0259,-031,0985.0,-08.3,43.6  ",1.582902E+09,0,1.37,70.5,71,-8.8,3.5,2.9,0.683,1,-1.5,-0,-0.34,259,-31,985,-8.3,43.6
"2020-02-28 14:40:00",7129," 1582902161,00.00,00001.37,105.8,104.5,-08.9,003.4,05.3,0.473,001.4,-01.6,00.17,-0.19,0281,-038,0985.0,-08.5,44.0  ",1.582902E+09,0,1.37,105.8,104.5,-8.9,3.4,5.3,0.473,1.4,-1.6,0.17,-0.19,281,-38,985,-8.5,44
"2020-02-28 14:45:00",7130," 1582902461,00.00,00001.37,061.0,063.6,-08.3,003.4,02.4,0.743,001.0,-01.7,-0.20,-0.33,0297,-018,0985.1,-08.3,43.4  ",1.582902E+09,0,1.37,61,63.6,-8.3,3.4,2.4,0.743,1,-1.7,-0.2,-0.33,297,-18,985.1,-8.3,43.4
"2020-02-28 14:50:00",7131," 1582902761,00.00,00001.37,093.7,094.4,-08.0,003.5,04.6,0.520,001.3,-02.3,00.03,-0.18,0392,-022,0985.1,-07.9,42.9  ",1.582903E+09,0,1.37,93.7,94.4,-8,3.5,4.6,0.52,1.3,-2.3,0.03,-0.18,392,-22,985.1,-7.9,42.9
"2020-02-28 14:55:00",7132," 1582903061,00.00,00001.37,091.5,095.1,-07.6,003.9,04.7,0.513,001.3,-02.2,-0.30,-0.33,0381,-032,0985.3,-08.1,43.5  ",1.582903E+09,0,1.37,91.5,95.1,-7.6,3.9,4.7,0.513,1.3,-2.2,-0.3,-0.33,381,-32,985.3,-8.1,43.5
"2020-02-28 15:00:00",7133," 1582903361,00.00,00001.37,084.3,086.8,-08.4,003.9,04.0,0.567,001.2,-01.6,-0.23,-0.33,0281,-019,0985.3,-08.4,44.1  ",1.582903E+09,0,1.37,84.3,86.8,-8.4,3.9,4,0.567,1.2,-1.6,-0.23,-0.33,281,-19,985.3,-8.4,44.1
"2020-02-28 15:05:00",7134," 1582903661,00.00,00001.37,088.6,092.2,-08.3,003.9,04.4,0.534,001.2,-02.1,-0.31,-0.51,0365,-027,0985.4,-07.7,42.5  ",1.582904E+09,0,1.37,88.6,92.2,-8.3,3.9,4.4,0.534,1.2,-2.1,-0.31,-0.51,365,-27,985.4,-7.7,42.5
"2020-02-28 15:10:00",7135," 1582903961,00.00,00001.37,087.5,087.8,-08.4,003.9,04.1,0.561,001.2,-02.0,00.07,-0.18,0351,-031,0985.5,-08.2,43.4  ",1.582904E+09,0,1.37,87.5,87.8,-8.4,3.9,4.1,0.561,1.2,-2,0.07,-0.18,351,-31,985.5,-8.2,43.4
"2020-02-28 15:15:00",7136," 1582904261,00.00,00001.37,080.1,080.2,-08.0,004.0,03.6,0.608,001.1,-02.2,00.11,-0.30,0374,-023,0985.4,-07.5,42.1  ",1.582904E+09,0,1.37,80.1,80.2,-8,4,3.6,0.608,1.1,-2.2,0.11,-0.3,374,-23,985.4,-7.5,42.1
"2020-02-28 15:20:00",7137," 1582904561,00.00,00001.37,057.5,060.6,-07.0,004.3,02.3,0.761,000.9,-02.3,-0.20,-0.22,0386,-025,0985.5,-06.9,41.1  ",1.582905E+09,0,1.37,57.5,60.6,-7,4.3,2.3,0.761,0.9,-2.3,-0.2,-0.22,386,-25,985.5,-6.9,41.1
"2020-02-28 15:25:00",7138," 1582904861,00.00,00001.37,083.0,083.5,-07.7,004.4,03.8,0.585,001.1,-02.0,00.04,-0.27,0347,-032,0985.3,-07.9,43.1  ",1.582905E+09,0,1.37,83,83.5,-7.7,4.4,3.8,0.585,1.1,-2,0.04,-0.27,347,-32,985.3,-7.9,43.1
"2020-02-28 15:30:00",7139," 1582905161,00.00,00001.37,089.6,091.4,-08.1,004.3,04.4,0.537,001.2,-02.0,-0.11,-0.30,0354,-039,0985.5,-08.4,43.8  ",1.582905E+09,0,1.37,89.6,91.4,-8.1,4.3,4.4,0.537,1.2,-2,-0.11,-0.3,354,-39,985.5,-8.4,43.8
"2020-02-28 15:35:00",7140," 1582905461,00.00,00001.37,078.9,081.7,-08.0,004.2,03.7,0.599,001.1,-01.8,-0.23,-0.27,0324,-044,0985.5,-07.9,42.9  ",1.582905E+09,0,1.37,78.9,81.7,-8,4.2,3.7,0.599,1.1,-1.8,-0.23,-0.27,324,-44,985.5,-7.9,42.9
"2020-02-28 15:40:00",7141," 1582905761,00.00,00001.37,084.7,086.2,-08.0,004.1,04.0,0.569,001.2,-01.9,-0.09,-0.48,0329,-046,0985.5,-07.8,42.9  ",1.582906E+09,0,1.37,84.7,86.2,-8,4.1,4,0.569,1.2,-1.9,-0.09,-0.48,329,-46,985.5,-7.8,42.9
"2020-02-28 15:45:00",7142," 1582906061,00.00,00001.37,087.6,088.6,-07.2,004.4,04.2,0.549,001.2,-02.8,00.07,-0.23,0479,-042,0985.4,-07.3,42.2  ",1.582906E+09,0,1.37,87.6,88.6,-7.2,4.4,4.2,0.549,1.2,-2.8,0.07,-0.23,479,-42,985.4,-7.3,42.2
"2020-02-28 15:50:00",7143," 1582906361,00.00,00001.37,075.6,077.8,-07.3,004.8,03.5,0.621,001.1,-02.2,-0.12,-0.16,0383,-033,0985.5,-07.0,41.6  ",1.582906E+09,0,1.37,75.6,77.8,-7.3,4.8,3.5,0.621,1.1,-2.2,-0.12,-0.16,383,-33,985.5,-7,41.6
"2020-02-28 15:55:00",7144," 1582906661,00.00,00001.37,065.4,069.2,-07.6,004.8,02.8,0.691,001.0,-01.8,-0.34,-0.38,0312,-022,0985.5,-07.2,41.9  ",1.582907E+09,0,1.37,65.4,69.2,-7.6,4.8,2.8,0.691,1,-1.8,-0.34,-0.38,312,-22,985.5,-7.2,41.9
"2020-02-28 16:00:00",7145," 1582906961,00.00,00001.37,073.9,075.3,-07.7,004.7,03.3,0.643,001.1,-02.1,-0.04,-0.34,0369,-041,0985.5,-07.5,42.3  ",1.582907E+09,0,1.37,73.9,75.3,-7.7,4.7,3.3,0.643,1.1,-2.1,-0.04,-0.34,369,-41,985.5,-7.5,42.3
"2020-02-28 16:05:00",7146," 1582907261,00.00,00001.37,079.5,079.7,-07.4,004.8,03.6,0.609,001.1,-02.2,00.11,-0.24,0390,-043,0985.5,-07.2,41.7  ",1.582907E+09,0,1.37,79.5,79.7,-7.4,4.8,3.6,0.609,1.1,-2.2,0.11,-0.24,390,-43,985.5,-7.2,41.7
"2020-02-28 16:10:00",7147," 1582907561,00.00,00001.37,074.2,076.0,-07.0,005.0,03.3,0.633,001.1,-02.4,-0.06,-0.24,0412,-047,0985.6,-07.2,41.8  ",1.582908E+09,0,1.37,74.2,76,-7,5,3.3,0.633,1.1,-2.4,-0.06,-0.24,412,-47,985.6,-7.2,41.8
"2020-02-28 16:15:00",7148," 1582907861,00.00,00001.37,096.9,098.7,-07.7,005.0,05.0,0.495,001.3,-02.3,-0.08,-0.31,0406,-046,0985.6,-07.8,42.8  ",1.582908E+09,0,1.37,96.9,98.7,-7.7,5,5,0.495,1.3,-2.3,-0.08,-0.31,406,-46,985.6,-7.8,42.8
"2020-02-28 16:20:00",7149," 1582908161,00.00,00001.37,066.0,066.9,-07.7,004.9,02.7,0.711,001.0,-02.3,00.05,-0.23,0396,-040,0985.3,-07.3,41.8  ",1.582908E+09,0,1.37,66,66.9,-7.7,4.9,2.7,0.711,1,-2.3,0.05,-0.23,396,-40,985.3,-7.3,41.8
"2020-02-28 16:25:00",7150," 1582908461,00.00,00001.37,071.6,074.8,-07.2,005.0,03.2,0.644,001.1,-02.5,-0.19,-0.22,0433,-041,0985.5,-06.5,40.5  ",1.582908E+09,0,1.37,71.6,74.8,-7.2,5,3.2,0.644,1.1,-2.5,-0.19,-0.22,433,-41,985.5,-6.5,40.5
"2020-02-28 16:30:00",7151," 1582908761,00.00,00001.37,075.9,078.3,-06.8,005.3,03.5,0.615,001.1,-02.8,-0.08,-0.34,0473,-041,0985.6,-06.9,41.5  ",1.582909E+09,0,1.37,75.9,78.3,-6.8,5.3,3.5,0.615,1.1,-2.8,-0.08,-0.34,473,-41,985.6,-6.9,41.5
"2020-02-28 16:35:00",7152," 1582909061,00.00,00001.37,079.4,083.7,-06.9,005.6,03.9,0.578,001.1,-02.7,-0.30,-0.37,0459,-041,0985.5,-06.8,41.4  ",1.582909E+09,0,1.37,79.4,83.7,-6.9,5.6,3.9,0.578,1.1,-2.7,-0.3,-0.37,459,-41,985.5,-6.8,41.4
"2020-02-28 16:40:00",7153," 1582909361,00.00,00001.37,080.7,082.7,-06.0,005.9,03.9,0.580,001.1,-02.8,-0.04,-0.33,0475,-047,0985.5,-06.1,40.4  ",1.582909E+09,0,1.37,80.7,82.7,-6,5.9,3.9,0.58,1.1,-2.8,-0.04,-0.33,475,-47,985.5,-6.1,40.4
"2020-02-28 16:45:00",7154," 1582909661,00.00,00001.37,094.4,093.5,-07.1,005.9,04.6,0.520,001.2,-02.5,00.24,-0.24,0427,-042,0985.3,-07.2,42.3  ",1.58291E+09,0,1.37,94.4,93.5,-7.1,5.9,4.6,0.52,1.2,-2.5,0.24,-0.24,427,-42,985.3,-7.2,42.3
"2020-02-28 16:50:00",7155," 1582909961,00.00,00001.37,104.0,106.8,-07.0,005.8,05.7,0.454,001.4,-02.4,-0.19,-0.40,0424,-046,0985.4,-07.4,42.3  ",1.58291E+09,0,1.37,104,106.8,-7,5.8,5.7,0.454,1.4,-2.4,-0.19,-0.4,424,-46,985.4,-7.4,42.3
"2020-02-28 16:55:00",7156," 1582910261,00.00,00001.37,092.3,094.1,-07.2,005.8,04.7,0.517,001.3,-02.1,-0.10,-0.54,0371,-042,0985.6,-07.0,41.7  ",1.58291E+09,0,1.37,92.3,94.1,-7.2,5.8,4.7,0.517,1.3,-2.1,-0.1,-0.54,371,-42,985.6,-7,41.7
"2020-02-28 17:00:00",7157," 1582910561,00.00,00001.37,096.6,099.3,-07.0,005.6,05.1,0.488,001.3,-02.4,-0.18,-0.34,0415,-045,0985.5,-07.4,42.4  ",1.582911E+09,0,1.37,96.6,99.3,-7,5.6,5.1,0.488,1.3,-2.4,-0.18,-0.34,415,-45,985.5,-7.4,42.4
"2020-02-28 17:05:00",7158," 1582910861,00.00,00001.37,084.5,087.7,-06.9,005.7,04.2,0.553,001.2,-02.4,-0.22,-0.39,0414,-043,0985.6,-07.0,41.5  ",1.582911E+09,0,1.37,84.5,87.7,-6.9,5.7,4.2,0.553,1.2,-2.4,-0.22,-0.39,414,-43,985.6,-7,41.5
"2020-02-28 17:10:00",7159," 1582911161,00.00,00001.37,068.7,074.1,-06.8,005.6,03.2,0.646,001.1,-02.2,-0.48,-0.39,0387,-043,0985.7,-06.7,41.0  ",1.582911E+09,0,1.37,68.7,74.1,-6.8,5.6,3.2,0.646,1.1,-2.2,-0.48,-0.39,387,-43,985.7,-6.7,41
"2020-02-28 17:15:00",7160," 1582911461,00.00,00001.37,101.0,104.4,-07.1,005.6,05.5,0.465,001.4,-02.3,-0.27,-0.26,0392,-042,0985.5,-06.9,41.4  ",1.582911E+09,0,1.37,101,104.4,-7.1,5.6,5.5,0.465,1.4,-2.3,-0.27,-0.26,392,-42,985.5,-6.9,41.4
"2020-02-28 17:20:00",7161," 1582911761,00.00,00001.37,099.5,100.3,-06.9,005.7,05.2,0.483,001.3,-02.4,00.02,-0.30,0407,-038,0985.7,-06.7,41.1  ",1.582912E+09,0,1.37,99.5,100.3,-6.9,5.7,5.2,0.483,1.3,-2.4,0.02,-0.3,407,-38,985.7,-6.7,41.1
"2020-02-28 17:25:00",7162," 1582912061,00.00,00001.37,088.6,089.0,-06.8,005.7,04.3,0.544,001.2,-02.2,00.06,-0.49,0376,-039,0985.7,-06.9,41.4  ",1.582912E+09,0,1.37,88.6,89,-6.8,5.7,4.3,0.544,1.2,-2.2,0.06,-0.49,376,-39,985.7,-6.9,41.4
"2020-02-28 17:30:00",7163," 1582912361,00.00,00001.37,085.5,089.4,-06.7,005.6,04.3,0.541,001.2,-02.2,-0.33,-0.24,0385,-032,0985.9,-06.8,41.3  ",1.582912E+09,0,1.37,85.5,89.4,-6.7,5.6,4.3,0.541,1.2,-2.2,-0.33,-0.24,385,-32,985.9,-6.8,41.3
"2020-02-28 17:35:00",7164," 1582912661,00.00,00001.37,070.8,072.7,-06.7,005.6,03.1,0.657,001.0,-02.2,-0.09,-0.36,0379,-033,0985.7,-06.5,40.5  ",1.582913E+09,0,1.37,70.8,72.7,-6.7,5.6,3.1,0.657,1,-2.2,-0.09,-0.36,379,-33,985.7,-6.5,40.5
"2020-02-28 17:40:00",7165," 1582912962,00.00,00001.37,089.0,092.9,-06.7,005.5,04.6,0.521,001.2,-02.2,-0.34,-0.26,0371,-035,0985.6,-07.1,41.9  ",1.582913E+09,0,1.37,89,92.9,-6.7,5.5,4.6,0.521,1.2,-2.2,-0.34,-0.26,371,-35,985.6,-7.1,41.9
"2020-02-28 17:45:00",7166," 1582913261,00.00,00001.37,081.0,081.1,-06.8,005.5,03.7,0.595,001.1,-02.2,00.11,-0.31,0379,-032,0985.8,-06.4,40.4  ",1.582913E+09,0,1.37,81,81.1,-6.8,5.5,3.7,0.595,1.1,-2.2,0.11,-0.31,379,-32,985.8,-6.4,40.4
"2020-02-28 17:50:00",7167," 1582913562,00.00,00001.37,077.1,081.3,-06.6,005.4,03.7,0.593,001.1,-02.1,-0.35,-0.38,0371,-036,0985.8,-07.2,41.8  ",1.582914E+09,0,1.37,77.1,81.3,-6.6,5.4,3.7,0.593,1.1,-2.1,-0.35,-0.38,371,-36,985.8,-7.2,41.8
"2020-02-28 17:55:00",7168," 1582913862,00.00,00001.37,085.6,087.5,-06.8,005.4,04.2,0.553,001.2,-02.1,-0.11,-0.28,0366,-025,0985.8,-06.6,40.9  ",1.582914E+09,0,1.37,85.6,87.5,-6.8,5.4,4.2,0.553,1.2,-2.1,-0.11,-0.28,366,-25,985.8,-6.6,40.9
"2020-02-28 18:00:00",7169," 1582914161,00.00,00001.37,084.7,087.7,-06.5,005.4,04.2,0.550,001.2,-02.0,-0.25,-0.32,0345,-032,0985.8,-06.7,41.3  ",1.582914E+09,0,1.37,84.7,87.7,-6.5,5.4,4.2,0.55,1.2,-2,-0.25,-0.32,345,-32,985.8,-6.7,41.3
"2020-02-28 18:05:00",7170," 1582914462,00.00,00001.37,085.0,087.9,-06.5,005.6,04.2,0.549,001.2,-01.7,-0.26,-0.31,0297,-030,0985.8,-06.8,41.4  ",1.582914E+09,0,1.37,85,87.9,-6.5,5.6,4.2,0.549,1.2,-1.7,-0.26,-0.31,297,-30,985.8,-6.8,41.4
"2020-02-28 18:10:00",7171," 1582914762,00.00,00001.37,077.3,081.3,-06.5,005.5,03.7,0.592,001.1,-01.7,-0.37,-0.45,0301,-027,0985.8,-06.3,40.4  ",1.582915E+09,0,1.37,77.3,81.3,-6.5,5.5,3.7,0.592,1.1,-1.7,-0.37,-0.45,301,-27,985.8,-6.3,40.4
"2020-02-28 18:15:00",7172," 1582915062,00.00,00001.37,069.6,071.4,-06.5,005.3,03.0,0.666,001.0,-01.6,-0.12,-0.31,0285,-028,0985.9,-06.9,41.7  ",1.582915E+09,0,1.37,69.6,71.4,-6.5,5.3,3,0.666,1,-1.6,-0.12,-0.31,285,-28,985.9,-6.9,41.7
"2020-02-28 18:20:00",7173," 1582915362,00.00,00001.37,077.5,078.3,-06.6,005.2,03.5,0.614,001.1,-01.8,-0.01,-0.21,0310,-027,0985.8,-06.5,40.6  ",1.582915E+09,0,1.37,77.5,78.3,-6.6,5.2,3.5,0.614,1.1,-1.8,-0.01,-0.21,310,-27,985.8,-6.5,40.6
"2020-02-28 18:25:00",7174," 1582915662,00.00,00001.37,093.1,092.5,-06.8,005.1,04.6,0.523,001.2,-01.8,00.13,-0.26,0310,-024,0985.8,-06.7,41.1  ",1.582916E+09,0,1.37,93.1,92.5,-6.8,5.1,4.6,0.523,1.2,-1.8,0.13,-0.26,310,-24,985.8,-6.7,41.1
"2020-02-28 18:30:00",7175," 1582915962,00.00,00001.37,086.9,089.8,-06.4,005.3,04.4,0.537,001.2,-01.9,-0.25,-0.31,0328,-032,0985.8,-06.7,41.1  ",1.582916E+09,0,1.37,86.9,89.8,-6.4,5.3,4.4,0.537,1.2,-1.9,-0.25,-0.31,328,-32,985.8,-6.7,41.1
"2020-02-28 18:35:00",7176," 1582916262,00.00,00001.37,065.0,067.1,-06.4,005.1,02.8,0.701,001.0,-01.8,-0.15,-0.29,0310,-029,0985.8,-06.5,40.6  ",1.582916E+09,0,1.37,65,67.1,-6.4,5.1,2.8,0.701,1,-1.8,-0.15,-0.29,310,-29,985.8,-6.5,40.6
"2020-02-28 18:40:00",7177," 1582916562,00.00,00001.37,076.9,077.1,-06.3,005.3,03.5,0.621,001.1,-01.9,00.07,-0.36,0329,-041,0985.8,-05.8,39.3  ",1.582917E+09,0,1.37,76.9,77.1,-6.3,5.3,3.5,0.621,1.1,-1.9,0.07,-0.36,329,-41,985.8,-5.8,39.3
"2020-02-28 18:45:00",7178," 1582916862,00.00,00001.37,093.7,098.3,-06.3,005.4,05.1,0.490,001.3,-01.8,-0.45,-0.37,0319,-046,0985.9,-06.3,40.4  ",1.582917E+09,0,1.37,93.7,98.3,-6.3,5.4,5.1,0.49,1.3,-1.8,-0.45,-0.37,319,-46,985.9,-6.3,40.4
"2020-02-28 18:50:00",7179," 1582917162,00.00,00001.37,056.2,057.9,-06.0,005.4,02.2,0.779,000.9,-01.7,-0.10,-0.42,0301,-044,0985.9,-05.5,38.9  ",1.582917E+09,0,1.37,56.2,57.9,-6,5.4,2.2,0.779,0.9,-1.7,-0.1,-0.42,301,-44,985.9,-5.5,38.9
"2020-02-28 18:55:00",7180," 1582917462,00.00,00001.37,081.9,085.2,-06.3,005.3,04.1,0.565,001.2,-01.6,-0.31,-0.30,0290,-044,0985.8,-06.3,40.3  ",1.582918E+09,0,1.37,81.9,85.2,-6.3,5.3,4.1,0.565,1.2,-1.6,-0.31,-0.3,290,-44,985.8,-6.3,40.3
"2020-02-28 19:00:00",7181," 1582917762,00.00,00001.37,068.0,069.0,-06.0,005.4,02.9,0.682,001.0,-01.7,-0.04,-0.24,0295,-043,0985.9,-06.2,40.2  ",1.582918E+09,0,1.37,68,69,-6,5.4,2.9,0.682,1,-1.7,-0.04,-0.24,295,-43,985.9,-6.2,40.2
"2020-02-28 19:05:00",7182," 1582918062,00.00,00001.37,072.3,074.0,-05.7,005.5,03.3,0.640,001.1,-01.7,-0.12,-0.30,0295,-045,0985.9,-06.1,39.9  ",1.582918E+09,0,1.37,72.3,74,-5.7,5.5,3.3,0.64,1.1,-1.7,-0.12,-0.3,295,-45,985.9,-6.1,39.9
"2020-02-28 19:10:00",7183," 1582918362,00.00,00001.37,085.4,087.6,-06.0,005.8,04.3,0.548,001.2,-01.6,-0.21,-0.32,0278,-043,0986.0,-06.4,40.6  ",1.582918E+09,0,1.37,85.4,87.6,-6,5.8,4.3,0.548,1.2,-1.6,-0.21,-0.32,278,-43,986,-6.4,40.6
"2020-02-28 19:15:00",7184," 1582918662,00.00,00001.37,067.9,070.9,-05.8,005.5,03.0,0.666,001.0,-01.6,-0.26,-0.43,0288,-041,0986.0,-06.0,39.8  ",1.582919E+09,0,1.37,67.9,70.9,-5.8,5.5,3,0.666,1,-1.6,-0.26,-0.43,288,-41,986,-6,39.8
"2020-02-28 19:20:00",7185," 1582918962,00.00,00001.37,047.0,049.1,-04.8,005.7,01.7,0.853,000.8,-01.8,-0.13,-0.27,0308,-040,0986.1,-04.9,38.1  ",1.582919E+09,0,1.37,47,49.1,-4.8,5.7,1.7,0.853,0.8,-1.8,-0.13,-0.27,308,-40,986.1,-4.9,38.1
"2020-02-28 19:25:00",7186," 1582919262,00.00,00001.37,073.7,076.5,-05.5,005.6,03.5,0.620,001.1,-01.7,-0.24,-0.39,0299,-041,0986.0,-05.8,40.0  ",1.582919E+09,0,1.37,73.7,76.5,-5.5,5.6,3.5,0.62,1.1,-1.7,-0.24,-0.39,299,-41,986,-5.8,40
"2020-02-28 19:30:00",7187," 1582919562,00.00,00001.37,038.6,042.1,-05.1,005.9,01.3,0.913,000.7,-01.7,-0.29,-0.33,0293,-039,0986.1,-04.9,38.0  ",1.58292E+09,0,1.37,38.6,42.1,-5.1,5.9,1.3,0.913,0.7,-1.7,-0.29,-0.33,293,-39,986.1,-4.9,38
"2020-02-28 19:35:00",7188," 1582919862,00.00,00001.37,064.8,065.4,-05.6,005.9,02.7,0.711,001.0,-01.5,00.00,-0.39,0268,-039,0986.1,-05.2,38.7  ",1.58292E+09,0,1.37,64.8,65.4,-5.6,5.9,2.7,0.711,1,-1.5,0,-0.39,268,-39,986.1,-5.2,38.7
"2020-02-28 19:40:00",7189," 1582920162,00.00,00001.37,063.0,064.6,-05.6,005.9,02.6,0.717,001.0,-01.5,-0.12,-0.25,0255,-037,0986.3,-05.7,39.5  ",1.58292E+09,0,1.37,63,64.6,-5.6,5.9,2.6,0.717,1,-1.5,-0.12,-0.25,255,-37,986.3,-5.7,39.5
"2020-02-28 19:45:00",7190," 1582920462,00.00,00001.37,062.1,064.2,-05.4,005.9,02.6,0.720,001.0,-01.4,-0.19,-0.39,0243,-041,0986.3,-05.5,39.2  ",1.58292E+09,0,1.37,62.1,64.2,-5.4,5.9,2.6,0.72,1,-1.4,-0.19,-0.39,243,-41,986.3,-5.5,39.2
"2020-02-28 19:50:00",7191," 1582920762,00.00,00001.37,062.8,066.5,-05.7,005.8,02.8,0.702,001.0,-01.4,-0.37,-0.28,0248,-039,0986.3,-05.7,39.6  ",1.582921E+09,0,1.37,62.8,66.5,-5.7,5.8,2.8,0.702,1,-1.4,-0.37,-0.28,248,-39,986.3,-5.7,39.6
"2020-02-28 19:55:00",7192," 1582921062,00.00,00001.37,065.4,064.7,-05.5,005.8,02.6,0.716,001.0,-01.4,00.12,-0.36,0248,-041,0986.4,-05.6,39.4  ",1.582921E+09,0,1.37,65.4,64.7,-5.5,5.8,2.6,0.716,1,-1.4,0.12,-0.36,248,-41,986.4,-5.6,39.4
"2020-02-28 20:00:00",7193," 1582921362,00.00,00001.37,060.2,063.7,-05.5,005.9,02.6,0.725,001.0,-01.4,-0.34,-0.22,0248,-040,0986.5,-05.2,38.6  ",1.582921E+09,0,1.37,60.2,63.7,-5.5,5.9,2.6,0.725,1,-1.4,-0.34,-0.22,248,-40,986.5,-5.2,38.6
"2020-02-28 20:05:00",7194," 1582921662,00.00,00001.37,056.3,057.4,-05.2,005.9,02.2,0.780,000.9,-01.3,-0.07,-0.37,0234,-034,0986.5,-05.8,39.7  ",1.582922E+09,0,1.37,56.3,57.4,-5.2,5.9,2.2,0.78,0.9,-1.3,-0.07,-0.37,234,-34,986.5,-5.8,39.7
"2020-02-28 20:10:00",7195," 1582921962,00.00,00001.37,076.8,076.0,-05.8,005.8,03.4,0.626,001.1,-01.2,00.10,-0.26,0216,-041,0986.5,-05.8,39.8  ",1.582922E+09,0,1.37,76.8,76,-5.8,5.8,3.4,0.626,1.1,-1.2,0.1,-0.26,216,-41,986.5,-5.8,39.8
"2020-02-28 20:15:00",7196," 1582922262,00.00,00001.37,052.2,050.9,-05.7,005.8,01.8,0.842,000.8,-01.2,00.19,-0.24,0215,-038,0986.6,-05.4,38.8  ",1.582922E+09,0,1.37,52.2,50.9,-5.7,5.8,1.8,0.842,0.8,-1.2,0.19,-0.24,215,-38,986.6,-5.4,38.8
"2020-02-28 20:20:00",7197," 1582922562,00.00,00001.37,059.0,060.9,-05.4,005.8,02.4,0.750,000.9,-01.2,-0.18,-0.03,0208,-044,0986.6,-05.4,38.8  ",1.582923E+09,0,1.37,59,60.9,-5.4,5.8,2.4,0.75,0.9,-1.2,-0.18,-0.03,208,-44,986.6,-5.4,38.8
"2020-02-28 20:25:00",7198," 1582922862,00.00,00001.37,044.3,044.9,-05.3,005.8,01.4,0.891,000.8,-01.2,-0.02,-0.14,0217,-045,0986.7,-05.8,39.8  ",1.582923E+09,0,1.37,44.3,44.9,-5.3,5.8,1.4,0.891,0.8,-1.2,-0.02,-0.14,217,-45,986.7,-5.8,39.8
"2020-02-28 20:30:00",7199," 1582923162,00.00,00001.37,055.1,055.0,-05.1,005.9,02.0,0.802,000.9,-01.2,00.05,-0.05,0216,-047,0986.7,-05.4,38.9  ",1.582923E+09,0,1.37,55.1,55,-5.1,5.9,2,0.802,0.9,-1.2,0.05,-0.05,216,-47,986.7,-5.4,38.9
"2020-02-28 20:35:00",7200," 1582923462,00.00,00001.37,054.0,053.9,-05.3,006.0,02.0,0.813,000.9,-01.2,00.05,-0.16,0212,-046,0986.7,-05.7,39.7  ",1.582924E+09,0,1.37,54,53.9,-5.3,6,2,0.813,0.9,-1.2,0.05,-0.16,212,-46,986.7,-5.7,39.7
"2020-02-28 20:40:00",7201," 1582923762,00.00,00001.37,055.2,057.9,-05.7,006.0,02.2,0.778,000.9,-01.2,-0.27,-0.29,0223,-044,0986.7,-05.0,38.2  ",1.582924E+09,0,1.37,55.2,57.9,-5.7,6,2.2,0.778,0.9,-1.2,-0.27,-0.29,223,-44,986.7,-5,38.2
"2020-02-28 20:45:00",7202," 1582924062,00.00,00001.37,065.1,066.9,-05.3,006.1,02.8,0.696,001.0,-01.0,-0.21,-0.40,0192,-051,0986.8,-05.2,38.6  ",1.582924E+09,0,1.37,65.1,66.9,-5.3,6.1,2.8,0.696,1,-1,-0.21,-0.4,192,-51,986.8,-5.2,38.6
"2020-02-28 20:50:00",7203," 1582924362,00.00,00001.37,046.8,047.8,-05.5,006.1,01.6,0.868,000.8,-01.0,-0.09,-0.19,0180,-044,0986.8,-06.0,40.0  ",1.582924E+09,0,1.37,46.8,47.8,-5.5,6.1,1.6,0.868,0.8,-1,-0.09,-0.19,180,-44,986.8,-6,40
"2020-02-28 20:55:00",7204," 1582924662,00.00,00001.37,049.6,047.9,-06.0,005.9,01.6,0.869,000.8,-00.8,00.19,-0.08,0144,-052,0986.9,-06.4,40.7  ",1.582925E+09,0,1.37,49.6,47.9,-6,5.9,1.6,0.869,0.8,-0.8,0.19,-0.08,144,-52,986.9,-6.4,40.7
"2020-02-28 21:00:00",7205," 1582924962,00.00,00001.37,060.6,057.0,-06.1,005.7,02.1,0.788,000.9,-00.6,00.36,-0.01,0114,-052,0986.9,-06.1,40.1  ",1.582925E+09,0,1.37,60.6,57,-6.1,5.7,2.1,0.788,0.9,-0.6,0.36,-0.01,114,-52,986.9,-6.1,40.1
"2020-02-28 21:05:00",7206," 1582925262,00.00,00001.37,052.2,049.5,-06.2,005.5,01.7,0.856,000.8,-00.5,00.26,-0.09,0102,-042,0987.0,-06.0,39.9  ",1.582925E+09,0,1.37,52.2,49.5,-6.2,5.5,1.7,0.856,0.8,-0.5,0.26,-0.09,102,-42,987,-6,39.9
"2020-02-28 21:10:00",7207," 1582925562,00.00,00001.37,039.3,037.2,-06.1,005.3,01.0,0.950,000.7,-00.5,00.22,-0.14,0097,-035,0987.0,-05.8,39.5  ",1.582926E+09,0,1.37,39.3,37.2,-6.1,5.3,1,0.95,0.7,-0.5,0.22,-0.14,97,-35,987,-5.8,39.5
"2020-02-28 21:15:00",7208," 1582925862,00.00,00001.37,037.9,038.6,-06.1,005.1,01.1,0.941,000.7,-00.4,-0.11,-0.09,0080,-023,0987.1,-05.5,38.9  ",1.582926E+09,0,1.37,37.9,38.6,-6.1,5.1,1.1,0.941,0.7,-0.4,-0.11,-0.09,80,-23,987.1,-5.5,38.9
"2020-02-28 21:20:00",7209," 1582926162,00.00,00001.37,031.3,031.0,-06.5,005.0,00.7,0.982,000.6,-00.3,-0.01,-0.14,0063,-027,0987.2,-06.4,40.6  ",1.582926E+09,0,1.37,31.3,31,-6.5,5,0.7,0.982,0.6,-0.3,-0.01,-0.14,63,-27,987.2,-6.4,40.6
"2020-02-28 21:25:00",7210," 1582926462,00.00,00001.37,042.2,037.6,-06.5,004.8,01.0,0.949,000.7,-00.3,00.47,-0.18,0063,-028,0987.2,-06.5,40.6  ",1.582926E+09,0,1.37,42.2,37.6,-6.5,4.8,1,0.949,0.7,-0.3,0.47,-0.18,63,-28,987.2,-6.5,40.6
"2020-02-28 21:30:00",7211," 1582926762,00.00,00001.37,037.4,035.4,-06.7,004.6,00.9,0.962,000.7,-00.3,00.19,00.01,0061,-025,0987.4,-06.5,40.6  ",1.582927E+09,0,1.37,37.4,35.4,-6.7,4.6,0.9,0.962,0.7,-0.3,0.19,0.01,61,-25,987.4,-6.5,40.6
"2020-02-28 21:35:00",7212," 1582927062,00.09,00001.38,046.0,044.8,-06.7,004.4,01.4,0.898,000.8,-00.4,00.08,00.12,0072,-024,0987.3,-06.2,40.1  ",1.582927E+09,0.09,1.38,46,44.8,-6.7,4.4,1.4,0.898,0.8,-0.4,0.08,0.12,72,-24,987.3,-6.2,40.1
"2020-02-28 21:40:00",7213," 1582927362,00.00,00001.38,029.8,030.4,-06.6,004.2,00.7,0.984,000.6,-00.4,-0.09,-0.25,0081,-031,0987.3,-06.2,40.0  ",1.582927E+09,0,1.38,29.8,30.4,-6.6,4.2,0.7,0.984,0.6,-0.4,-0.09,-0.25,81,-31,987.3,-6.2,40
"2020-02-28 21:45:00",7214," 1582927662,00.00,00001.38,031.6,030.1,-06.5,004.2,00.7,0.985,000.6,-00.5,00.14,-0.09,0088,-037,0987.3,-06.0,39.6  ",1.582928E+09,0,1.38,31.6,30.1,-6.5,4.2,0.7,0.985,0.6,-0.5,0.14,-0.09,88,-37,987.3,-6,39.6
"2020-02-28 21:50:00",7215," 1582927962,00.00,00001.38,047.9,046.6,-06.7,004.1,01.5,0.883,000.8,-00.4,00.11,00.00,0085,-041,0987.4,-06.4,40.3  ",1.582928E+09,0,1.38,47.9,46.6,-6.7,4.1,1.5,0.883,0.8,-0.4,0.11,0,85,-41,987.4,-6.4,40.3
"2020-02-28 21:55:00",7216," 1582928262,00.00,00001.38,039.6,036.8,-06.7,004.0,01.0,0.954,000.7,-00.3,00.28,-0.21,0072,-041,0987.6,-06.5,40.6  ",1.582928E+09,0,1.38,39.6,36.8,-6.7,4,1,0.954,0.7,-0.3,0.28,-0.21,72,-41,987.6,-6.5,40.6
"2020-02-28 22:00:00",7217," 1582928562,00.00,00001.38,037.9,037.0,-06.7,003.9,01.0,0.953,000.7,-00.3,00.06,00.04,0061,-041,0987.6,-06.3,40.3  ",1.582929E+09,0,1.38,37.9,37,-6.7,3.9,1,0.953,0.7,-0.3,0.06,0.04,61,-41,987.6,-6.3,40.3
"2020-02-28 22:05:00",7218," 1582928862,00.00,00001.38,024.2,023.4,-06.9,003.8,00.4,1.000,000.6,-00.2,00.04,-0.10,0048,-051,0987.7,-06.4,40.2  ",1.582929E+09,0,1.38,24.2,23.4,-6.9,3.8,0.4,1,0.6,-0.2,0.04,-0.1,48,-51,987.7,-6.4,40.2
"2020-02-28 22:10:00",7219," 1582929162,00.00,00001.38,048.7,047.4,-07.1,003.6,01.5,0.878,000.8,-00.1,00.06,-0.14,0041,-052,0987.8,-06.6,40.6  ",1.582929E+09,0,1.38,48.7,47.4,-7.1,3.6,1.5,0.878,0.8,-0.1,0.06,-0.14,41,-52,987.8,-6.6,40.6
"2020-02-28 22:15:00",7220," 1582929462,00.00,00001.38,027.6,026.6,-07.3,003.5,00.5,0.996,000.6,-00.0,00.05,-0.09,0024,-059,0987.8,-06.8,40.9  ",1.582929E+09,0,1.38,27.6,26.6,-7.3,3.5,0.5,0.996,0.6,-0,0.05,-0.09,24,-59,987.8,-6.8,40.9
"2020-02-28 22:20:00",7221," 1582929762,00.00,00001.38,027.6,027.0,-07.4,003.3,00.5,0.995,000.6,000.0,-0.01,-0.15,0017,-062,0988.0,-06.7,40.6  ",1.58293E+09,0,1.38,27.6,27,-7.4,3.3,0.5,0.995,0.6,0,-0.01,-0.15,17,-62,988,-6.7,40.6
"2020-02-28 22:25:00",7222," 1582930062,00.00,00001.38,047.1,048.2,-07.6,003.1,01.6,0.874,000.8,000.0,-0.22,-0.14,0013,-054,0988.1,-06.9,41.0  ",1.58293E+09,0,1.38,47.1,48.2,-7.6,3.1,1.6,0.874,0.8,0,-0.22,-0.14,13,-54,988.1,-6.9,41
"2020-02-28 22:30:00",7223," 1582930362,00.00,00001.38,033.3,031.3,-07.7,002.9,00.7,0.982,000.6,000.1,00.14,-0.08,0010,-061,0988.0,-07.1,41.2  ",1.58293E+09,0,1.38,33.3,31.3,-7.7,2.9,0.7,0.982,0.6,0.1,0.14,-0.08,10,-61,988,-7.1,41.2
"2020-02-28 22:35:00",7224," 1582930662,00.00,00001.38,031.0,028.0,-08.0,002.7,00.6,0.993,000.6,000.1,00.26,-0.06,0005,-074,0988.1,-07.2,41.4  ",1.582931E+09,0,1.38,31,28,-8,2.7,0.6,0.993,0.6,0.1,0.26,-0.06,5,-74,988.1,-7.2,41.4
"2020-02-28 22:40:00",7225," 1582930962,00.00,00001.38,055.2,053.0,-08.2,002.4,01.8,0.836,000.8,000.1,00.14,-0.22,0004,-060,0988.2,-07.5,41.8  ",1.582931E+09,0,1.38,55.2,53,-8.2,2.4,1.8,0.836,0.8,0.1,0.14,-0.22,4,-60,988.2,-7.5,41.8
"2020-02-28 22:45:00",7226," 1582931262,00.00,00001.38,029.0,028.0,-08.1,002.2,00.6,0.993,000.6,000.1,00.04,-0.01,0002,-036,0988.2,-07.5,41.8  ",1.582931E+09,0,1.38,29,28,-8.1,2.2,0.6,0.993,0.6,0.1,0.04,-0.01,2,-36,988.2,-7.5,41.8
"2020-02-28 22:50:00",7227," 1582931562,00.00,00001.38,028.1,027.4,-07.9,002.1,00.5,0.995,000.6,000.0,00.01,-0.20,0002,-021,0988.4,-07.3,41.4  ",1.582932E+09,0,1.38,28.1,27.4,-7.9,2.1,0.5,0.995,0.6,0,0.01,-0.2,2,-21,988.4,-7.3,41.4
"2020-02-28 22:55:00",7228," 1582931862,00.00,00001.38,037.9,035.7,-07.7,002.0,00.9,0.962,000.7,000.0,00.17,-0.24,0003,-022,0988.6,-07.1,41.2  ",1.582932E+09,0,1.38,37.9,35.7,-7.7,2,0.9,0.962,0.7,0,0.17,-0.24,3,-22,988.6,-7.1,41.2
"2020-02-28 23:00:00",7229," 1582932162,00.00,00001.38,056.5,052.2,-07.7,002.0,01.8,0.841,000.8,000.1,00.37,-0.06,0003,-051,0988.6,-07.3,41.4  ",1.582932E+09,0,1.38,56.5,52.2,-7.7,2,1.8,0.841,0.8,0.1,0.37,-0.06,3,-51,988.6,-7.3,41.4
"2020-02-28 23:05:00",7230," 1582932462,00.00,00001.38,044.3,044.9,-07.8,001.9,01.4,0.902,000.8,000.1,-0.16,-0.18,0002,-040,0988.7,-07.5,41.7  ",1.582932E+09,0,1.38,44.3,44.9,-7.8,1.9,1.4,0.902,0.8,0.1,-0.16,-0.18,2,-40,988.7,-7.5,41.7
"2020-02-28 23:10:00",7231," 1582932762,00.00,00001.38,038.7,038.3,-07.9,001.9,01.0,0.948,000.7,000.1,-0.04,-0.25,0002,-051,0988.7,-07.5,41.7  ",1.582933E+09,0,1.38,38.7,38.3,-7.9,1.9,1,0.948,0.7,0.1,-0.04,-0.25,2,-51,988.7,-7.5,41.7
"2020-02-28 23:15:00",7232," 1582933062,00.00,00001.38,044.4,043.4,-07.8,001.8,01.3,0.913,000.8,000.0,00.02,-0.00,0002,-020,0988.8,-07.3,41.4  ",1.582933E+09,0,1.38,44.4,43.4,-7.8,1.8,1.3,0.913,0.8,0,0.02,-0,2,-20,988.8,-7.3,41.4
"2020-02-28 23:20:00",7233," 1582933362,00.00,00001.38,025.2,022.7,-07.7,001.9,00.4,1.000,000.6,000.1,00.22,-0.12,0002,-033,0988.8,-07.2,41.1  ",1.582933E+09,0,1.38,25.2,22.7,-7.7,1.9,0.4,1,0.6,0.1,0.22,-0.12,2,-33,988.8,-7.2,41.1
"2020-02-28 23:25:00",7234," 1582933662,00.00,00001.38,041.5,041.7,-07.8,001.8,01.2,0.925,000.7,000.1,-0.11,-0.14,0002,-068,0988.9,-07.3,41.4  ",1.582934E+09,0,1.38,41.5,41.7,-7.8,1.8,1.2,0.925,0.7,0.1,-0.11,-0.14,2,-68,988.9,-7.3,41.4
"2020-02-28 23:30:00",7235," 1582933962,00.00,00001.38,030.9,030.0,-08.1,001.7,00.6,0.988,000.6,000.1,00.02,-0.12,0002,-076,0988.9,-07.8,42.2  ",1.582934E+09,0,1.38,30.9,30,-8.1,1.7,0.6,0.988,0.6,0.1,0.02,-0.12,2,-76,988.9,-7.8,42.2
"2020-02-28 23:35:00",7236," 1582934262,00.00,00001.38,035.7,033.4,-08.4,001.6,00.8,0.975,000.7,000.1,00.17,-0.08,0003,-075,0988.9,-07.7,42.0  ",1.582934E+09,0,1.38,35.7,33.4,-8.4,1.6,0.8,0.975,0.7,0.1,0.17,-0.08,3,-75,988.9,-7.7,42
"2020-02-28 23:40:00",7237," 1582934562,00.00,00001.38,047.7,046.6,-08.5,001.4,01.4,0.891,000.8,000.1,00.02,-0.19,0003,-079,0989.0,-07.9,42.3  ",1.582935E+09,0,1.38,47.7,46.6,-8.5,1.4,1.4,0.891,0.8,0.1,0.02,-0.19,3,-79,989,-7.9,42.3
"2020-02-28 23:45:00",7238," 1582934862,00.00,00001.38,029.1,029.3,-08.7,001.2,00.6,0.990,000.6,000.2,-0.11,-0.14,0002,-080,0988.9,-08.0,42.4  ",1.582935E+09,0,1.38,29.1,29.3,-8.7,1.2,0.6,0.99,0.6,0.2,-0.11,-0.14,2,-80,988.9,-8,42.4
"2020-02-28 23:50:00",7239," 1582935162,00.00,00001.38,036.6,036.2,-08.8,001.0,00.9,0.962,000.7,000.2,-0.05,-0.07,0002,-079,0989.0,-08.2,42.5  ",1.582935E+09,0,1.38,36.6,36.2,-8.8,1,0.9,0.962,0.7,0.2,-0.05,-0.07,2,-79,989,-8.2,42.5
"2020-02-28 23:55:00",7240," 1582935462,00.00,00001.38,040.7,037.9,-08.9,000.8,01.0,0.952,000.7,000.2,00.22,-0.19,0002,-079,0989.1,-08.2,42.6  ",1.582935E+09,0,1.38,40.7,37.9,-8.9,0.8,1,0.952,0.7,0.2,0.22,-0.19,2,-79,989.1,-8.2,42.6
